"0" "1" "2" "3" "4" "5" "6" "7" "8" "9" "10" "11" "12" "13" "14" "15" "16" "total"
"0" 0.143 0.286 0.286 0.286 0 0 0 0 0 0 0 0 0 0 0 0 0 7
"1" 0.023 0.826 0.132 0.012 0.007 0 0 0 0 0 0 0 0 0 0 0 0 431
"2" 0.004 0.117 0.838 0.033 0.007 0.001 0.001 0 0 0 0 0 0 0 0 0 0 1158
"3" 0.008 0.025 0.244 0.63 0.05 0.017 0.017 0.008 0 0 0 0 0 0 0 0 0 119
"4" 0 0.048 0.095 0.119 0.714 0.024 0 0 0 0 0 0 0 0 0 0 0 42
"5" 0 0 1 0 0 0 0 0 0 0 0 0 0 0 0 0 0 1
"6" 0 0 0 0 0 0 0 1 0 0 0 0 0 0 0 0 0 1
"7" 0 0 0 0 0 0 0 0 0 0 0 0 0 0 0 0 0 0
"8" 0 0 0 0 0 0 0 0 0 0 0 0 0 0 0 0 0 0
"9" 0 0 0 0 0 0 0 0 0 0 0 0 0 0 0 0 0 0
"10" 0 0 0 0 0 0 0 0 0 0 0 0 0 0 0 0 0 0
"11" 0 0 0 0 0 0 0 0 0 0 0 0 0 0 0 0 0 0
"12" 0 0 0 0 0 0 0 0 0 0 0 0 0 0 0 0 0 0
"13" 0 0 0 0 0 0 0 0 0 0 0 0 0 0 0 0 0 0
"14" 0 0 0 0 0 0 0 0 0 0 0 0 0 0 0 0 0 0
"15" 0 0 0 0 0 0 0 0 0 0 0 0 0 0 0 0 0 0
"16" 0 0 0 0 0 0 0 0 0 0 0 0 0 0 0 0 0 0
"total" 17 498 1063 125 47 4 3 2 0 0 0 0 0 0 0 0 0 0
