"rootgene1" "rootgene2" "rootgene3" "rootgene4" "rootgene5" "rootgene6" "rootgene7" "rootgene8" "rootcellcount" "offsgene1" "offsgene2" "offsgene3" "offsgene4" "offsgene5" "offsgene6" "offsgene7" "offsgene8" "offscellcount" "changeprobe1" "changeprobe2" "changeprobe3" "changeprobe4" "changeprobe5" "changeprobe6" "changeprobe7" "changeprobe8" "changeprobenumber" "TotalPrize"
2 2 2 2 2 2 2 2 4 2 2 2 2 2 1 2 2 3 0 0 0 0 0 1 0 0 1 0.0358984945169408
2 2 2 2 2 2 2 2 4 2 2 2 2 2 2 2 3 2 0 0 0 0 0 0 0 1 1 0.0126404936239186
2 2 2 2 2 2 2 2 4 2 2 2 2 2 2 3 2 4 0 0 0 0 0 0 1 0 1 0.0200633175971698
2 2 2 2 2 2 2 2 4 2 2 2 3 2 2 2 2 1 0 0 0 1 0 0 0 0 1 0.0159072578647458
2 2 2 2 2 2 2 2 4 3 2 2 2 2 2 2 2 1 1 0 0 0 0 0 0 0 1 0.0478286524576572
2 0 2 2 1 1 1 2 1 3 0 2 2 1 1 1 2 1 1 0 0 0 0 0 0 0 1 0.0243647637386673
2 1 2 2 0 1 1 2 1 2 1 2 3 2 1 1 4 1 0 0 0 1 1 0 0 1 3 0.000125044135132216
2 1 2 2 1 1 1 2 1 2 0 2 2 1 1 1 2 1 0 1 0 0 0 0 0 0 1 0.0143348354334807
2 1 2 2 1 1 1 2 1 2 1 2 2 0 1 1 2 1 0 0 0 0 1 0 0 0 1 0.0167724066151419
2 1 2 2 2 1 1 2 2 2 1 2 2 1 1 1 2 1 0 0 0 0 1 0 0 0 1 0.0404187503676369
2 1 2 2 2 2 2 2 5 2 1 2 2 2 2 2 3 1 0 0 0 0 0 0 0 1 1 0.0120733876525976
2 1 2 2 2 2 2 2 5 2 1 2 2 2 2 3 2 2 0 0 0 0 0 0 1 0 1 0.0191631923684892
2 1 2 2 2 2 2 3 1 2 1 2 2 2 2 2 4 1 0 0 0 0 0 0 0 1 1 0.0974102867425489
2 1 2 2 2 2 2 4 1 2 1 2 4 2 2 2 4 1 0 0 0 1 0 0 0 0 1 0.00448353689133943
2 1 2 3 2 1 1 4 1 2 1 2 3 2 2 1 4 1 0 0 0 0 0 1 0 0 1 0.0212227280428865
2 1 2 4 2 2 2 4 1 2 1 2 5 2 2 2 4 1 0 0 0 1 0 0 0 0 1 0.0191795744796187
2 1 2 4 2 2 2 4 1 2 1 3 4 2 2 2 4 1 0 0 1 0 0 0 0 0 1 0.0185834029075462
2 1 2 4 2 2 2 4 1 3 1 2 4 2 2 2 4 2 1 0 0 0 0 0 0 0 1 0.03600170041067
2 1 2 5 2 1 2 4 1 2 1 4 4 1 2 3 2 1 0 0 1 1 1 1 1 1 6 3.76805064098343e-07
2 1 2 5 2 2 2 4 1 2 1 2 5 2 1 2 4 1 0 0 0 0 0 1 0 0 1 0.0173884187313283
2 1 3 3 2 2 2 4 1 3 0 0 2 2 2 2 2 1 1 1 1 1 0 0 0 1 5 8.82923773523057e-08
2 1 3 4 2 2 2 4 1 2 1 3 3 2 2 2 4 1 0 0 0 1 0 0 0 0 1 0.0150124985255095
2 1 3 4 2 2 2 4 1 2 1 4 2 3 2 2 4 1 0 0 1 1 1 0 0 0 3 8.4943961345378e-05
2 1 3 4 2 2 2 4 1 2 1 4 4 2 2 2 4 3 0 0 1 0 0 0 0 0 1 0.0267419700376884
2 1 4 3 2 2 2 4 1 2 2 2 4 2 3 3 4 1 0 1 1 1 0 1 1 0 5 1.37227786113729e-06
2 1 4 4 2 2 2 4 3 2 1 4 3 2 2 2 4 1 0 0 0 1 0 0 0 0 1 0.0146817458040172
2 1 4 4 2 2 2 4 3 2 1 4 4 2 2 3 6 1 0 0 0 0 0 0 1 1 2 0.000192595295984701
2 1 4 4 2 2 2 4 3 2 1 4 4 3 3 3 3 1 0 0 0 0 1 1 1 1 4 2.22981401942375e-06
2 1 4 4 2 2 2 4 3 2 2 4 4 2 2 2 4 1 0 1 0 0 0 0 0 0 1 0.0304402739537761
2 1 4 4 2 2 2 4 3 3 1 4 4 2 2 2 4 2 1 0 0 0 0 0 0 0 1 0.033683089728484
2 1 4 4 3 3 3 3 1 4 0 4 2 3 2 2 4 1 1 1 0 1 0 1 1 1 6 1.48713270747685e-07
2 2 2 2 2 1 1 2 4 2 1 2 2 2 1 1 2 2 0 1 0 0 0 0 0 0 1 0.0279705515249819
2 2 2 2 2 1 2 2 3 2 2 2 2 2 1 1 2 4 0 0 0 0 0 0 1 0 1 0.02373121766386
2 2 2 2 2 1 2 2 3 2 2 2 2 2 1 2 3 1 0 0 0 0 0 0 0 1 1 0.0124594841686835
2 2 2 2 2 1 2 2 3 3 2 2 2 2 1 2 2 1 1 0 0 0 0 0 0 0 1 0.0471437552864258
2 2 2 2 2 2 2 3 2 2 3 2 2 2 2 2 3 1 0 1 0 0 0 0 0 0 1 0.00411151829207743
2 2 2 2 2 2 3 2 4 2 2 2 2 2 3 3 2 2 0 0 0 0 0 1 0 0 1 0.00928651300275096
2 2 2 2 2 2 3 2 4 2 2 2 4 2 2 3 2 1 0 0 0 1 0 0 0 0 1 0.00477478140687512
2 2 2 4 2 3 3 4 1 4 2 2 4 2 3 3 4 1 1 0 0 0 0 0 0 0 1 0.00244199380330681
3 1 2 4 2 2 2 4 2 3 1 2 5 2 2 2 4 1 0 0 0 1 0 0 0 0 1 0.0155160602531746
3 1 2 4 2 2 2 4 2 3 2 3 2 1 1 1 3 1 0 1 1 1 1 1 1 1 7 4.27333708413481e-08
3 1 2 5 2 2 2 4 1 3 1 3 4 2 3 2 4 1 0 0 1 1 0 1 0 0 3 0.000217912763500447
3 1 2 5 2 2 2 4 1 4 1 2 4 2 1 1 2 1 1 0 0 1 0 1 1 1 5 2.92998368707682e-05
3 1 4 4 2 2 2 4 2 4 1 4 4 2 2 2 4 5 1 0 0 0 0 0 0 0 1 0.0741480096036425
3 1 4 4 2 3 3 4 1 4 0 5 4 2 2 2 4 1 1 1 1 0 0 1 1 0 5 1.00098570437083e-05
3 1 4 4 2 3 3 4 1 4 1 3 4 2 3 3 4 1 1 0 1 0 0 0 0 0 2 0.00268749024534202
3 2 2 2 2 2 2 2 1 4 2 2 2 2 2 2 2 2 1 0 0 0 0 0 0 0 1 0.105287234940346
3 2 3 2 1 1 1 3 1 4 1 2 4 2 2 2 3 1 1 1 1 1 1 1 1 0 7 1.69609350692897e-08
4 0 5 4 2 2 2 4 1 4 1 4 4 2 1 1 4 1 0 1 1 0 0 1 1 0 4 0.000407221439404076
4 1 2 4 2 1 1 2 1 4 2 3 4 2 2 2 4 1 0 1 1 0 0 1 1 1 5 1.78808659967284e-06
4 1 4 3 2 2 2 4 1 4 1 4 3 2 3 3 2 1 0 0 0 0 0 1 1 1 3 3.41407750947912e-05
4 1 4 3 2 2 2 4 1 5 1 4 3 2 2 2 4 3 1 0 0 0 0 0 0 0 1 0.019074079125525
4 1 4 4 2 2 2 4 5 4 1 4 3 2 2 2 4 1 0 0 0 1 0 0 0 0 1 0.0152866117360179
4 1 4 4 2 2 2 4 5 4 1 4 4 2 2 3 4 1 0 0 0 0 0 0 1 0 1 0.0147116051321021
4 1 4 4 2 2 2 4 5 4 1 4 4 2 3 2 4 1 0 0 0 0 0 1 0 0 1 0.00742440450663401
4 1 4 4 2 2 2 4 5 4 1 4 5 2 2 2 4 2 0 0 0 1 0 0 0 0 1 0.0186836365662441
4 1 4 4 2 2 2 4 5 5 1 4 4 2 2 2 4 6 1 0 0 0 0 0 0 0 1 0.0248667105378069
4 1 4 4 2 2 3 4 1 4 1 2 4 2 2 3 4 1 0 0 1 0 0 0 0 0 1 0.00779104626077473
4 1 4 4 2 2 3 4 1 4 1 4 5 2 2 3 4 1 0 0 0 1 0 0 0 0 1 0.0171360124088962
4 1 4 4 2 2 3 4 1 5 1 4 4 2 2 3 4 3 1 0 0 0 0 0 0 0 1 0.0228069229902575
4 1 4 5 2 2 2 4 2 5 1 4 5 2 2 2 4 3 1 0 0 0 0 0 0 0 1 0.016001744232823
4 1 4 5 2 2 3 4 1 4 2 6 4 2 3 1 3 1 0 1 1 1 0 1 1 1 6 2.86021039108147e-08
4 2 2 4 2 3 3 4 1 4 2 4 3 2 2 3 4 1 0 0 1 1 0 1 0 0 3 0.000139080696637787
5 1 4 3 2 2 2 4 3 5 1 4 3 2 2 3 3 1 0 0 0 0 0 0 1 1 2 0.000577241450803808
5 1 4 3 2 2 2 4 3 6 1 4 3 2 2 2 4 2 1 0 0 0 0 0 0 0 1 0.0813249373624657
5 1 4 3 2 2 3 3 1 5 1 4 3 2 2 3 2 1 0 0 0 0 0 0 0 1 1 0.0146408997611162
5 1 4 4 1 2 2 4 1 5 2 4 4 1 2 2 4 1 0 1 0 0 0 0 0 0 1 0.0178185751408629
5 1 4 4 2 1 2 4 1 6 1 4 4 2 1 2 4 3 1 0 0 0 0 0 0 0 1 0.104504387742278
5 1 4 4 2 2 2 4 6 5 1 4 4 1 2 2 4 1 0 0 0 0 1 0 0 0 1 0.0188405862034714
5 1 4 4 2 2 2 4 6 5 1 4 4 2 1 2 4 1 0 0 0 0 0 1 0 0 1 0.0142976841528998
5 1 4 4 2 2 2 4 6 5 1 4 4 2 2 1 4 1 0 0 0 0 0 0 1 0 1 0.00958900305732698
5 1 4 4 2 2 2 4 6 5 1 4 4 2 2 2 3 1 0 0 0 0 0 0 0 1 1 0.00964414904129343
5 1 4 4 2 2 2 4 6 6 1 4 4 2 2 2 4 8 1 0 0 0 0 0 0 0 1 0.106022611293013
5 1 4 4 2 2 3 4 3 5 1 4 4 2 3 3 4 2 0 0 0 0 0 1 0 0 1 0.00369864061381384
5 1 4 4 2 2 3 4 3 6 1 4 4 2 2 3 4 6 1 0 0 0 0 0 0 0 1 0.0972404262039161
5 1 4 4 2 3 3 4 2 3 1 4 4 2 3 3 4 1 1 0 0 0 0 0 0 0 1 0.00483205908005781
5 1 4 4 2 3 3 4 2 5 1 4 4 3 3 3 4 1 0 0 0 0 1 0 0 0 1 0.00300469837098997
5 1 4 4 2 3 3 4 2 6 1 4 4 2 3 3 4 2 1 0 0 0 0 0 0 0 1 0.0731043776950682
5 1 4 4 3 3 3 4 1 5 2 4 4 1 3 3 6 1 0 1 0 0 1 0 0 1 3 1.25551871618711e-05
5 1 4 4 3 3 3 4 1 6 1 2 5 2 1 3 5 1 1 0 1 1 1 1 0 1 6 8.53762130991e-08
5 1 4 5 2 2 2 4 3 5 1 4 5 2 2 2 5 1 0 0 0 0 0 0 0 1 1 0.00277637562998693
5 1 4 5 2 2 2 4 3 5 1 4 6 2 2 2 4 1 0 0 0 1 0 0 0 0 1 0.0188468543574189
5 1 4 5 2 2 2 4 3 6 1 4 5 2 2 2 4 3 1 0 0 0 0 0 0 0 1 0.0682256185926726
5 2 4 4 1 2 2 4 1 5 2 4 4 3 2 2 4 1 0 0 0 0 1 0 0 0 1 0.00134187470164226
5 2 4 4 1 3 3 6 1 5 3 6 5 3 4 4 6 1 0 1 1 1 1 1 1 0 6 2.306946741792e-09
5 3 6 5 3 4 4 6 1 15 1 6 4 4 5 5 3 1 1 1 0 1 1 1 1 1 7 1.1330787866112e-10
6 1 2 3 2 2 2 4 1 6 1 3 2 2 1 3 2 1 0 0 1 1 0 1 1 1 5 2.17769814336215e-06
6 1 3 2 2 1 3 2 1 6 1 4 2 1 2 2 2 1 0 0 1 0 1 1 1 0 4 0.000102050748584385
6 1 4 3 2 2 2 4 2 6 1 2 3 2 2 2 4 1 0 0 1 0 0 0 0 0 1 0.00607835712990903
6 1 4 3 2 2 2 4 2 7 2 4 2 1 1 1 2 1 1 1 0 1 1 1 1 1 7 9.61649487143655e-08
6 1 4 4 2 1 2 4 3 6 1 4 4 2 1 2 5 2 0 0 0 0 0 0 0 1 1 0.00730376282305609
6 1 4 4 2 1 2 4 3 6 1 4 5 2 1 2 4 1 0 0 0 1 0 0 0 0 1 0.0171795184367432
6 1 4 4 2 1 2 5 2 6 1 4 4 2 2 2 5 1 0 0 0 0 0 1 0 0 1 0.0145211829151175
6 1 4 4 2 2 2 4 8 6 1 3 4 2 2 2 4 1 0 0 1 0 0 0 0 0 1 0.00924501801721902
6 1 4 4 2 2 3 4 6 6 1 4 4 1 2 3 4 1 0 0 0 0 1 0 0 0 1 0.0296772847275434
6 1 4 4 2 2 3 4 6 6 1 4 4 2 2 4 4 1 0 0 0 0 0 0 1 0 1 0.0261807410128049
6 1 4 4 2 2 3 4 6 6 1 4 5 2 2 3 4 1 0 0 0 1 0 0 0 0 1 0.015985392870649
6 1 4 4 2 3 3 4 2 6 1 4 5 2 3 3 4 2 0 0 0 1 0 0 0 0 1 0.0120176581247122
6 1 4 4 2 3 3 4 2 10 1 4 4 2 3 3 4 1 1 0 0 0 0 0 0 0 1 0.0074818979304121
6 1 4 5 2 2 2 4 3 6 2 4 4 4 2 2 4 1 0 1 0 1 1 0 0 0 3 0.000190687360924982
6 1 4 5 2 2 2 4 3 10 1 4 5 2 2 2 4 1 1 0 0 0 0 0 0 0 1 0.00698257930159549
6 1 4 5 2 3 3 4 2 6 2 4 5 2 3 3 4 1 0 1 0 0 0 0 0 0 1 0.0131186610450682
6 1 4 5 2 3 3 4 2 6 2 4 5 3 3 3 5 1 0 1 0 0 1 0 0 1 3 2.35194429345523e-05
6 1 4 5 2 3 3 4 2 7 1 2 5 4 2 3 4 1 1 0 1 0 1 1 0 0 4 2.91359636965152e-06
6 2 4 4 4 2 2 4 1 6 2 4 5 4 2 2 4 1 0 0 0 1 0 0 0 0 1 0.0141368846891178
6 2 4 4 4 2 2 4 1 6 2 5 4 3 2 2 4 1 0 0 1 0 1 0 0 0 2 0.00188780108676392
6 2 4 5 3 3 3 5 1 6 2 4 5 4 5 5 4 1 0 0 0 0 1 1 1 1 4 7.77425054620368e-07
6 2 4 5 3 3 3 5 1 6 2 4 6 4 2 3 4 1 0 0 0 1 1 1 0 1 4 0.00040635684440082
6 2 4 5 4 5 5 4 1 9 2 6 6 4 2 2 4 1 1 0 1 1 0 1 1 0 5 2.76866013391968e-06
6 2 4 6 4 2 3 4 1 7 1 4 4 2 3 4 4 1 1 1 0 1 1 1 1 0 6 1.05589039588826e-06
6 2 5 4 3 2 2 4 1 6 1 5 4 3 2 2 4 1 0 1 0 0 0 0 0 0 1 0.00864986476066497
6 2 5 4 3 2 2 4 1 8 2 5 4 3 2 2 4 1 1 0 0 0 0 0 0 0 1 0.00146283683875174
7 1 2 5 4 2 3 4 1 7 1 4 5 1 2 2 4 1 0 0 1 0 1 0 1 0 3 2.652497083156e-05
7 1 4 4 2 3 4 4 1 8 1 5 4 2 3 5 4 1 1 0 1 0 0 0 1 0 3 6.54594265393503e-05
7 1 4 4 2 3 4 4 1 10 1 4 4 2 1 1 4 1 1 0 0 0 0 1 1 0 3 2.07260531605089e-06
7 1 4 5 1 2 2 4 1 7 1 6 4 2 2 2 4 1 0 0 1 1 1 0 0 0 3 0.000495654694976625
8 1 5 4 2 3 5 4 1 12 1 5 11 7 3 6 8 1 1 0 0 1 1 0 1 1 5 2.29539109527e-11
2 2 2 2 2 2 2 2 0 2 1 2 2 2 2 2 2 1 0 1 0 0 0 0 0 0 1 0.0312671435204717
2 2 2 2 2 2 2 2 0 2 2 2 2 1 2 2 2 1 0 0 0 0 1 0 0 0 1 0.0473047714083188
2 2 2 2 2 2 2 2 0 2 2 2 2 2 2 3 2 1 0 0 0 0 0 0 1 0 1 0.0200633175971698
2 0 2 2 1 1 1 2 1 2 0 2 2 1 1 2 3 1 0 0 0 0 0 0 1 1 2 0.00117542624702823
2 0 2 2 1 1 1 2 1 2 0 2 2 2 1 1 2 1 0 0 0 0 1 0 0 0 1 0.0156797140120966
2 0 2 2 1 1 2 3 1 2 0 3 1 1 0 1 1 1 0 0 1 1 0 1 1 1 5 5.39481646203065e-08
2 0 2 2 2 1 1 2 1 2 1 2 1 1 2 2 1 1 0 1 0 1 1 1 1 1 6 8.63908379623131e-07
2 0 2 2 2 2 2 2 1 2 0 2 2 1 2 2 2 1 0 0 0 0 1 0 0 0 1 0.0260260017429475
2 0 3 1 1 0 1 1 1 2 0 6 3 1 1 3 4 1 0 0 1 1 0 1 1 1 5 2.54368530798782e-07
2 0 3 1 1 0 1 1 1 2 4 3 4 2 2 5 4 1 0 1 0 1 1 1 1 1 6 4.44522030547795e-09
2 0 3 1 1 0 1 1 1 3 1 4 3 1 1 1 3 1 1 1 1 1 0 1 0 1 6 1.49223776594556e-05
2 0 3 2 0 1 1 2 3 2 0 3 2 0 1 2 2 2 0 0 0 0 0 0 1 0 1 0.00802088735580584
2 0 3 2 0 1 1 2 3 2 0 4 2 1 2 3 3 1 0 0 1 0 1 1 1 1 5 3.29759116587331e-06
2 0 3 2 0 1 1 2 3 3 0 3 2 0 1 1 2 1 1 0 0 0 0 0 0 0 1 0.00817370348031802
2 0 3 2 1 1 1 2 6 2 0 2 2 1 1 1 2 1 0 0 1 0 0 0 0 0 1 0.00567482280718359
2 0 3 2 1 1 1 2 6 2 0 3 2 0 1 1 2 3 0 0 0 0 1 0 0 0 1 0.00924265970265722
2 0 3 2 1 1 1 2 6 2 0 3 2 1 1 2 2 4 0 0 0 0 0 0 1 0 1 0.0228733580801773
2 0 3 2 1 1 2 2 4 2 0 3 3 1 1 2 2 1 0 0 0 1 0 0 0 0 1 0.00854194503222416
2 0 3 2 1 1 2 2 4 2 1 3 2 1 1 2 2 7 0 1 0 0 0 0 0 0 1 0.117625215999141
2 0 4 2 1 2 3 3 1 2 1 3 4 1 2 3 3 1 0 1 1 1 0 0 0 0 3 5.32064136940196e-05
2 0 6 3 1 1 3 4 1 2 0 11 3 0 3 2 4 1 0 0 1 0 1 1 1 0 4 2.69009211158695e-07
2 0 6 3 1 1 3 4 1 4 1 4 4 0 2 3 4 1 1 1 1 1 1 1 0 0 6 1.10995877118021e-06
2 0 11 3 0 3 2 4 1 4 0 5 4 0 0 0 5 1 1 0 1 1 0 1 1 1 6 8.697167573248e-11
2 1 2 2 1 1 1 2 6 2 1 2 2 0 1 1 2 1 0 0 0 0 1 0 0 0 1 0.0167724066151419
2 1 2 2 1 1 1 2 6 2 1 2 2 1 1 3 2 1 0 0 0 0 0 0 1 0 1 0.0150390106153204
2 1 2 2 1 1 1 2 6 2 2 2 2 1 1 1 2 1 0 1 0 0 0 0 0 0 1 0.0382262278226152
2 1 2 2 1 2 1 2 1 2 1 2 2 1 1 1 2 6 0 0 0 0 0 1 0 0 1 0.0322089725652862
2 1 2 2 1 2 1 2 1 2 1 2 2 2 2 1 2 1 0 0 0 0 1 0 0 0 1 0.0276162504982614
2 1 2 2 1 2 1 2 1 2 1 3 2 1 2 1 2 2 0 0 1 0 0 0 0 0 1 0.0221508813106368
2 1 2 2 1 2 2 2 3 2 1 2 2 1 2 1 2 1 0 0 0 0 0 0 1 0 1 0.0238016922484214
2 1 2 2 1 2 2 2 3 2 1 3 2 1 2 2 2 2 0 0 1 0 0 0 0 0 1 0.0244069895922757
2 1 2 2 2 2 2 2 1 2 0 2 2 2 2 2 2 1 0 1 0 0 0 0 0 0 1 0.0154817895101365
2 1 2 2 2 2 2 2 1 2 1 2 2 1 2 2 2 3 0 0 0 0 1 0 0 0 1 0.0451824794206965
2 1 2 2 2 2 2 2 1 2 1 2 2 2 2 3 2 1 0 0 0 0 0 0 1 0 1 0.0191631923684892
2 1 3 2 1 0 1 2 1 2 1 3 2 1 0 3 2 1 0 0 0 0 0 0 1 0 1 0.00249080335410417
2 1 3 2 1 1 0 2 1 2 1 2 2 1 1 0 2 1 0 0 1 0 0 0 0 0 1 0.00651573059445966
2 1 3 2 1 1 1 2 34 2 0 3 2 1 1 1 2 6 0 1 0 0 0 0 0 0 1 0.0137137711348404
2 1 3 2 1 1 1 2 34 2 1 3 1 1 1 1 2 1 0 0 0 1 0 0 0 0 1 0.00807509093687189
2 1 3 2 1 1 1 2 34 2 1 3 2 1 0 1 2 1 0 0 0 0 0 1 0 0 1 0.00605735506589697
2 1 3 2 1 1 1 2 34 2 1 3 2 1 1 0 2 1 0 0 0 0 0 0 1 0 1 0.00719371877793722
2 1 3 2 1 1 1 2 34 2 1 3 2 1 1 1 1 1 0 0 0 0 0 0 0 1 1 0.00875013408984757
2 1 3 2 1 1 1 2 34 2 1 3 2 1 1 1 3 1 0 0 0 0 0 0 0 1 1 0.0106946083320359
2 1 3 2 1 1 1 2 34 2 1 3 2 2 1 1 2 3 0 0 0 0 1 0 0 0 1 0.0260414359475663
2 1 3 2 1 1 1 2 34 2 1 4 2 1 1 1 2 2 0 0 1 0 0 0 0 0 1 0.0314192051281382
2 1 3 2 1 1 1 2 34 3 1 3 2 1 1 1 2 1 1 0 0 0 0 0 0 0 1 0.04046588055041
2 1 3 2 1 1 1 3 1 2 2 3 2 1 1 1 3 1 0 1 0 0 0 0 0 0 1 0.0170796464338571
2 1 3 2 1 1 2 2 7 1 1 3 2 1 1 2 2 1 1 0 0 0 0 0 0 0 1 0.00987506294565374
2 1 3 2 1 1 2 2 7 2 1 3 2 1 1 4 2 2 0 0 0 0 0 0 1 0 1 0.00460398001787982
2 1 3 2 1 1 4 2 2 2 1 3 3 0 2 2 1 1 0 0 0 1 1 1 1 1 5 4.64231643696968e-07
2 1 3 2 2 1 1 2 3 2 1 3 2 2 1 2 2 1 0 0 0 0 0 0 1 0 1 0.0383648764156186
2 1 3 2 2 1 2 2 1 2 2 3 2 2 1 2 2 1 0 1 0 0 0 0 0 0 1 0.0389305110923541
2 1 4 2 1 1 1 2 2 2 1 4 2 1 1 2 2 1 0 0 0 0 0 0 1 0 1 0.0388344587462871
2 1 4 2 1 1 1 2 2 2 1 4 3 1 1 1 2 1 0 0 0 1 0 0 0 0 1 0.0131619699277043
2 1 4 2 1 1 1 2 2 2 2 3 3 1 2 5 2 1 0 1 1 1 0 1 1 0 5 2.95030643460538e-07
2 1 4 3 1 1 1 2 1 2 0 4 3 1 1 1 2 1 0 1 0 0 0 0 0 0 1 0.00899137516400718
2 1 4 3 1 1 1 2 1 2 2 5 4 2 2 2 4 1 0 1 1 1 1 1 1 1 7 4.64720433629443e-08
2 2 2 2 1 1 1 2 1 2 2 2 2 1 1 2 2 1 0 0 0 0 0 0 1 0 1 0.0434573496855956
2 2 2 2 1 1 1 2 1 2 2 2 3 2 1 1 2 1 0 0 0 1 1 0 0 0 2 0.00176317962810488
2 2 2 2 1 1 2 2 1 2 2 3 2 1 1 2 2 1 0 0 1 0 0 0 0 0 1 0.0251875040527466
2 2 2 2 1 2 2 2 1 2 2 2 2 1 2 3 2 1 0 0 0 0 0 0 1 0 1 0.0207664125818015
2 2 2 3 2 1 1 2 1 2 2 2 3 2 2 4 2 1 0 0 0 0 0 1 1 0 2 0.000619323277776382
2 2 3 2 1 1 1 2 2 2 1 3 2 1 1 1 2 34 0 1 0 0 0 0 0 0 1 0.027696439742913
2 2 3 2 1 1 1 2 2 2 2 4 2 2 1 1 2 1 0 0 1 0 1 0 0 0 2 0.00393785542574958
2 2 3 2 1 1 1 3 1 3 2 4 2 1 1 2 2 1 1 0 1 0 0 0 1 1 4 0.000204673651799536
2 2 3 2 1 1 2 2 1 2 2 3 2 1 1 1 2 2 0 0 0 0 0 0 1 0 1 0.0234986514107887
2 2 3 2 2 1 2 2 1 2 2 3 2 2 2 1 2 1 0 0 0 0 0 1 1 0 2 0.0036280903393535
2 2 5 4 2 2 2 4 1 2 2 6 3 1 2 2 3 1 0 0 1 1 1 0 0 1 4 3.83331283502618e-05
2 2 6 3 1 2 2 3 1 3 1 2 2 0 1 4 2 1 1 1 1 1 1 1 1 1 8 2.92929044896051e-09
2 4 3 4 2 2 5 4 1 4 1 4 4 1 2 2 4 1 1 1 1 0 1 0 1 0 5 7.8795771445968e-07
3 1 4 3 1 1 1 3 1 3 1 6 3 2 1 2 3 1 0 0 1 0 1 0 1 0 3 6.48474755084577e-05
3 1 6 3 2 1 2 3 1 3 2 6 0 2 1 2 3 1 0 1 0 1 0 0 0 0 2 5.79604373004759e-05
3 2 6 4 2 2 2 4 1 6 2 6 2 1 2 2 2 1 1 0 0 1 1 0 0 1 4 1.04358028808664e-06
4 0 5 4 0 0 0 5 1 5 2 8 6 2 3 4 6 1 1 1 1 1 1 1 1 1 8 1.284249112146e-07
4 1 4 4 0 2 3 4 1 4 1 6 3 1 1 1 4 1 0 0 1 1 1 1 1 0 5 5.12112283065583e-07
4 1 4 4 0 2 3 4 1 4 2 6 4 2 3 1 4 1 0 1 1 0 1 1 1 0 5 3.99647493865953e-07
4 1 4 4 1 2 2 4 1 4 1 5 3 2 2 2 5 1 0 0 1 1 1 0 0 1 4 5.49314348006442e-06
4 1 5 3 2 2 2 5 1 4 1 5 4 2 2 2 4 1 0 0 0 1 0 0 0 1 2 0.00620200312870295
4 1 5 4 2 2 2 4 1 4 1 6 4 2 2 2 4 1 0 0 1 0 0 0 0 0 1 0.0271358084842538
4 1 6 3 1 1 1 4 1 4 1 6 4 1 2 3 4 1 0 0 0 1 0 1 1 0 3 0.000358654638764623
4 1 6 3 2 2 2 4 1 4 2 5 4 2 3 2 4 1 0 1 1 1 0 1 0 0 4 3.45870600726984e-05
4 1 6 4 1 2 3 4 1 4 2 6 6 2 2 2 8 1 0 1 0 1 1 0 1 1 5 3.35561281264662e-08
4 1 6 4 1 2 3 4 1 4 2 7 4 2 2 4 4 1 0 1 1 0 1 0 1 0 4 4.97518602187584e-05
4 1 6 4 2 2 2 4 1 4 1 6 3 2 2 2 4 1 0 0 0 1 0 0 0 0 1 0.00912604980986302
4 1 6 4 2 2 2 4 1 4 2 6 4 2 2 2 4 5 0 1 0 0 0 0 0 0 1 0.0189214184768153
4 1 6 4 2 2 2 4 1 5 1 6 4 2 2 2 4 1 1 0 0 0 0 0 0 0 1 0.0148453328241976
4 2 4 3 2 2 2 4 1 4 2 5 3 2 2 2 4 1 0 0 1 0 0 0 0 0 1 0.0104224001773792
4 2 4 4 2 2 2 4 2 4 2 4 3 2 2 2 4 1 0 0 0 1 0 0 0 0 1 0.0160046478867827
4 2 5 3 2 2 2 4 1 4 2 6 3 2 2 2 3 1 0 0 1 0 0 0 0 1 2 0.00205230995945238
4 2 6 4 2 1 2 4 1 4 2 6 4 2 1 2 3 1 0 0 0 0 0 0 0 1 1 0.0109389157918431
4 2 6 4 2 1 2 4 1 5 0 6 2 2 2 4 2 1 1 1 0 1 0 1 1 1 6 4.45758338640384e-09
4 2 6 4 2 2 2 4 5 3 2 6 4 2 2 2 4 1 1 0 0 0 0 0 0 0 1 0.00339112176256084
4 2 6 4 2 2 2 4 5 4 2 4 4 2 2 2 4 2 0 0 1 0 0 0 0 0 1 0.0392804937496631
4 2 6 4 2 2 2 4 5 4 2 6 4 1 2 2 4 2 0 0 0 0 1 0 0 0 1 0.0216804727704649
4 2 6 4 2 2 2 4 5 4 2 6 4 2 1 2 4 1 0 0 0 0 0 1 0 0 1 0.0164528082412073
4 2 7 4 2 2 4 4 1 5 2 5 4 2 3 4 5 1 1 0 1 0 0 1 0 1 4 2.6639664570196e-06
4 2 7 4 2 2 4 4 1 6 0 6 2 1 2 2 4 1 1 1 1 1 1 0 1 0 6 7.88490687200832e-09
5 0 6 2 2 2 4 2 1 5 2 5 3 1 1 2 4 1 0 1 1 1 1 1 1 1 7 2.8062207802629e-09
5 2 8 6 2 3 4 6 1 7 2 11 8 2 2 4 8 1 1 0 1 1 0 1 0 1 5 5.60796169192459e-07
7 2 11 8 2 2 4 8 1 7 4 11 7 4 3 6 8 1 0 1 0 1 1 1 1 0 5 8.722529739e-11
7 2 11 8 2 2 4 8 1 7 8 8 11 2 4 2 2 1 0 1 1 1 0 1 1 1 6 4.1483936080125e-10
7 4 11 7 4 3 6 8 1 7 8 7 11 3 6 4 4 2 0 1 1 1 1 1 1 1 7 1.27104043350375e-05
2 2 2 2 2 2 2 2 1 1 2 2 2 2 2 2 2 5 1 0 0 0 0 0 0 0 1 0.0105929230275348
2 2 2 2 2 2 2 2 1 2 1 2 2 2 2 2 2 5 0 1 0 0 0 0 0 0 1 0.0312671435204717
2 2 2 2 2 2 2 2 1 2 2 1 2 2 2 2 2 1 0 0 1 0 0 0 0 0 1 0.00933336426430761
2 2 2 2 2 2 2 2 1 2 2 2 1 2 2 2 2 5 0 0 0 1 0 0 0 0 1 0.00954435471884746
2 2 2 2 2 2 2 2 1 2 2 2 2 1 2 2 2 2 0 0 0 0 1 0 0 0 1 0.0473047714083188
2 2 2 2 2 2 2 2 1 2 2 2 2 2 1 2 2 6 0 0 0 0 0 1 0 0 1 0.0358984945169408
2 2 2 2 2 2 2 2 1 2 2 2 2 2 2 1 2 6 0 0 0 0 0 0 1 0 1 0.0240759811166037
2 2 2 2 2 2 2 2 1 2 2 2 2 2 2 2 3 2 0 0 0 0 0 0 0 1 1 0.0126404936239186
2 2 2 2 2 2 2 2 1 2 2 2 2 2 2 3 2 1 0 0 0 0 0 0 1 0 1 0.0200633175971698
2 2 2 2 2 2 2 2 1 2 2 2 3 2 2 2 2 1 0 0 0 1 0 0 0 0 1 0.0159072578647458
2 2 2 2 2 2 2 2 1 2 3 2 2 2 2 2 2 1 0 1 0 0 0 0 0 0 1 0.00880337050576388
2 2 2 2 2 2 2 2 1 3 2 2 2 2 2 2 2 4 1 0 0 0 0 0 0 0 1 0.0478286524576572
1 1 2 2 2 2 1 2 1 1 2 2 2 1 1 1 2 1 0 1 0 0 1 1 0 0 3 0.000546711191187415
1 2 2 2 1 1 1 2 1 2 1 1 2 1 1 1 2 1 1 1 1 0 0 0 0 0 3 0.000596956195474427
1 2 2 2 2 2 2 2 5 1 2 2 2 3 2 2 2 1 0 0 0 0 1 0 0 0 1 0.00621506122182894
2 1 1 2 1 1 1 2 1 2 1 2 2 1 1 0 2 1 0 0 1 0 0 0 1 0 2 0.00465786687090427
2 1 2 1 2 2 2 2 1 2 1 2 1 2 2 1 2 2 0 0 0 0 0 0 1 0 1 0.0126231332407056
2 1 2 2 1 1 0 2 1 2 1 2 2 2 0 0 2 1 0 0 0 0 1 1 0 0 2 0.00050129888612659
2 1 2 2 2 1 1 2 3 2 1 2 3 2 1 1 2 1 0 0 0 1 0 0 0 0 1 0.0135916835770973
2 1 2 2 2 1 1 2 3 2 1 3 2 2 1 1 2 1 0 0 1 0 0 0 0 0 1 0.0210944549585531
2 1 2 2 2 1 2 2 1 2 1 2 2 1 1 2 2 1 0 0 0 0 1 0 0 0 1 0.0445354749421185
2 1 2 2 2 1 2 2 1 2 1 2 3 2 1 2 2 1 0 0 0 1 0 0 0 0 1 0.0149760217192091
2 1 2 2 2 2 1 1 1 3 1 2 2 2 2 1 1 1 1 0 0 0 0 0 0 0 1 0.0203362810553745
2 1 2 2 2 2 1 2 19 1 1 2 2 2 2 1 2 1 1 0 0 0 0 0 0 0 1 0.00918243202168575
2 1 2 2 2 2 1 2 19 2 1 2 2 1 2 1 2 2 0 0 0 0 1 0 0 0 1 0.0410059477095397
2 1 2 2 2 2 1 2 19 2 1 2 2 2 2 0 2 1 0 0 0 0 0 0 1 0 1 0.00737045860326508
2 1 2 2 2 2 1 2 19 2 1 2 2 2 2 1 3 1 0 0 0 0 0 0 0 1 1 0.0109573602225256
2 1 2 2 2 2 1 3 1 3 1 2 2 2 2 1 3 1 1 0 0 0 0 0 0 0 1 0.019363474900106
2 1 2 2 2 2 2 1 1 2 1 2 2 2 2 1 1 1 0 0 0 0 0 0 1 0 1 0.0112795192622571
2 1 2 2 2 2 2 2 5 2 1 2 1 2 2 2 2 1 0 0 0 1 0 0 0 0 1 0.00911615462520377
2 1 2 2 2 2 2 2 5 2 1 2 2 2 1 2 2 1 0 0 0 0 0 1 0 0 1 0.0342879363213756
2 1 2 2 2 2 2 2 5 2 1 2 2 2 2 1 2 19 0 0 0 0 0 0 1 0 1 0.022995830842187
2 1 2 2 2 2 2 2 5 2 1 2 2 2 2 2 1 1 0 0 0 0 0 0 0 1 1 0.00987822626121623
2 1 2 2 2 2 2 2 5 3 1 2 2 2 2 2 2 1 1 0 0 0 0 0 0 0 1 0.0456828569518827
2 1 2 3 2 1 1 2 1 2 1 2 3 2 2 1 2 1 0 0 0 0 0 1 0 0 1 0.0235369784366586
2 1 2 3 2 2 1 2 1 3 1 2 3 2 2 1 2 1 1 0 0 0 0 0 0 0 1 0.0277955037411385
2 2 2 1 2 1 1 2 1 2 2 2 1 2 2 1 2 1 0 0 0 0 0 1 0 0 1 0.0201771192355603
2 2 2 1 2 1 1 2 1 2 2 2 2 2 1 1 2 9 0 0 0 1 0 0 0 0 1 0.0946948891396183
2 2 2 1 2 1 2 2 1 2 2 2 1 2 1 1 2 1 0 0 0 0 0 0 1 0 1 0.0130268101461909
2 2 2 1 2 2 2 2 5 2 2 2 0 2 2 2 2 1 0 0 0 1 0 0 0 0 1 0.00694134888643451
2 2 2 1 2 2 2 2 5 2 2 2 1 2 1 2 2 1 0 0 0 0 0 1 0 0 1 0.0197058102635176
2 2 2 1 2 2 2 2 5 2 2 2 1 2 2 2 1 1 0 0 0 0 0 0 0 1 1 0.00567717026242465
2 2 2 2 2 1 1 2 9 2 1 2 2 2 1 1 2 3 0 1 0 0 0 0 0 0 1 0.0279705515249819
2 2 2 2 2 2 3 2 1 2 2 2 2 2 2 4 2 2 0 0 0 0 0 0 1 0 1 0.0382746366469085
2 2 2 3 2 2 2 2 1 2 2 2 3 2 2 2 4 1 0 0 0 0 0 0 0 1 1 0.00327419678386194
2 2 2 3 2 2 2 4 1 2 2 3 2 2 3 2 3 1 0 0 1 1 0 1 0 1 4 1.04008088386769e-05
2 2 3 2 2 3 2 3 1 4 3 4 2 3 3 4 4 1 1 1 1 0 1 0 1 1 6 5.1817636971072e-09
3 1 2 2 2 2 1 1 1 3 1 2 2 2 2 1 2 2 0 0 0 0 0 0 0 1 1 0.059028720953626
3 1 2 2 2 2 1 2 2 3 1 2 1 2 2 1 2 1 0 0 0 1 0 0 0 0 1 0.0066931562992715
3 1 2 2 2 2 1 2 2 3 2 2 2 1 2 1 2 1 0 1 0 0 1 0 0 0 2 0.00557673143389415
3 1 2 3 2 1 1 2 1 3 1 2 2 2 1 1 2 1 0 0 0 1 0 0 0 0 1 0.0223908756620455
3 1 2 3 2 2 1 2 1 3 1 2 3 2 1 1 2 1 0 0 0 0 0 1 0 0 1 0.0168773839249584
3 1 2 3 2 2 1 2 1 3 2 2 2 2 0 1 2 1 0 1 0 1 0 1 0 0 3 1.82281002764791e-05
3 2 2 2 1 2 1 2 1 4 2 3 2 2 2 2 2 1 1 0 1 0 1 0 1 0 4 0.00020751724942408
3 2 2 2 2 2 2 2 4 3 2 2 2 3 2 2 2 1 0 0 0 0 1 0 0 0 1 0.00885133993790143
4 3 4 2 3 3 4 4 1 3 2 3 2 2 4 4 3 1 1 1 1 0 1 1 0 1 6 3.71284516764e-08
2 2 2 2 2 2 2 2 2 1 2 1 2 2 1 2 2 1 1 0 1 0 0 1 0 0 3 5.36860538653826e-05
2 2 2 2 2 2 2 2 2 1 2 2 2 2 2 2 2 2 1 0 0 0 0 0 0 0 1 0.0105929230275348
2 2 2 2 2 2 2 2 2 2 1 2 2 2 2 2 2 3 0 1 0 0 0 0 0 0 1 0.0312671435204717
2 2 2 2 2 2 2 2 2 2 2 1 2 2 2 2 2 1 0 0 1 0 0 0 0 0 1 0.00933336426430761
2 2 2 2 2 2 2 2 2 2 2 2 1 2 2 2 2 1 0 0 0 1 0 0 0 0 1 0.00954435471884746
2 2 2 2 2 2 2 2 2 2 2 2 2 1 2 2 2 2 0 0 0 0 1 0 0 0 1 0.0473047714083188
2 2 2 2 2 2 2 2 2 2 2 2 2 2 1 2 2 1 0 0 0 0 0 1 0 0 1 0.0358984945169408
2 2 2 2 2 2 2 2 2 2 2 2 2 2 2 2 1 3 0 0 0 0 0 0 0 1 1 0.0103422220559334
2 2 2 2 2 2 2 2 2 2 2 2 2 2 2 2 3 2 0 0 0 0 0 0 0 1 1 0.0126404936239186
2 2 2 2 2 2 2 2 2 2 2 2 2 2 2 3 2 1 0 0 0 0 0 0 1 0 1 0.0200633175971698
2 2 2 2 2 2 2 2 2 2 2 4 2 2 2 2 2 3 0 0 1 0 0 0 0 0 1 0.00782798293135477
0 1 4 2 1 2 2 2 1 0 2 4 2 2 2 2 0 1 0 1 0 0 1 0 0 1 3 1.6689820735166e-05
0 2 4 2 2 2 2 0 1 0 2 4 4 1 2 2 3 1 0 0 0 1 1 0 0 1 3 0.000156249653362456
0 2 4 4 1 2 2 3 1 0 2 5 5 0 4 2 4 1 0 0 1 1 1 1 0 1 5 2.26468633099362e-07
0 2 4 4 1 2 2 3 1 2 0 4 4 1 2 2 1 1 1 1 0 0 0 0 0 1 3 1.80631240358453e-05
1 1 4 2 1 2 2 2 2 0 1 4 2 1 2 2 2 1 1 0 0 0 0 0 0 0 1 0.00682876964369616
1 1 4 2 1 2 2 2 2 1 1 4 3 1 2 2 2 1 0 0 0 1 0 0 0 0 1 0.00835770334687223
1 1 4 3 1 2 2 2 1 2 0 3 1 2 3 1 1 1 1 1 1 1 1 1 1 1 8 5.364488905776e-11
1 1 4 3 1 2 2 2 1 2 1 4 3 1 2 2 2 1 1 0 0 0 0 0 0 0 1 0.0905671126315608
1 2 1 2 2 1 2 2 1 1 2 3 2 1 2 2 2 1 0 0 1 0 1 1 0 0 3 0.000292420545055983
2 0 2 2 2 2 2 1 1 2 0 2 4 2 2 2 1 1 0 0 0 1 0 0 0 0 1 0.00140491201984011
2 0 2 2 2 2 2 2 1 2 0 2 2 2 2 2 1 1 0 0 0 0 0 0 0 1 1 0.00569005369311096
2 0 2 4 2 2 2 1 1 2 1 3 2 1 2 1 3 1 0 1 1 1 1 0 1 1 6 1.77288536731477e-06
2 0 3 1 2 3 1 1 1 2 1 5 2 1 2 1 1 1 0 1 1 1 1 1 0 0 5 8.31282878114546e-06
2 0 4 4 1 2 2 1 1 2 1 4 4 2 4 4 2 1 0 1 0 0 1 1 1 1 5 6.41374454936288e-07
2 1 1 2 1 2 2 1 1 2 1 2 2 2 1 1 1 1 0 0 1 0 1 1 1 0 4 0.000120870035587998
2 1 2 1 2 2 2 1 1 2 1 2 1 2 2 3 2 1 0 0 0 0 0 0 1 1 2 0.00344374119136568
2 1 2 2 1 2 2 1 1 1 1 2 2 1 2 2 1 1 1 0 0 0 0 0 0 0 1 0.00513666381600423
2 1 2 2 1 2 2 1 1 2 1 1 2 1 2 2 1 1 0 0 1 0 0 0 0 0 1 0.0045258852890214
2 1 2 2 1 2 2 2 4 2 1 2 1 1 2 2 2 1 0 0 0 1 0 0 0 0 1 0.00943561936801441
2 1 2 2 1 2 2 2 4 2 1 2 2 1 2 2 1 1 0 0 0 0 0 0 0 1 1 0.0102243968936493
2 1 2 2 2 2 2 2 3 2 0 2 2 2 2 2 2 1 0 1 0 0 0 0 0 0 1 0.0154817895101365
2 1 2 2 2 2 2 2 3 2 1 1 2 2 2 2 2 1 0 0 1 0 0 0 0 0 1 0.00891463009424422
2 1 2 2 2 2 2 2 3 2 1 2 2 1 2 2 2 4 0 0 0 0 1 0 0 0 1 0.0451824794206965
2 1 4 2 1 2 2 1 4 2 1 4 2 1 2 2 0 1 0 0 0 0 0 0 0 1 1 0.0260405518334156
2 1 4 2 1 2 2 2 14 1 1 4 2 1 2 2 2 2 1 0 0 0 0 0 0 0 1 0.00979779992356405
2 1 4 2 1 2 2 2 14 2 1 4 2 1 1 2 2 1 0 0 0 0 0 1 0 0 1 0.0332038914962267
2 1 4 2 1 2 2 2 14 2 1 4 2 1 2 1 2 1 0 0 0 0 0 0 1 0 1 0.0222687963776214
2 1 4 2 1 2 2 2 14 2 1 4 2 1 2 2 1 4 0 0 0 0 0 0 0 1 1 0.00956591700003024
2 1 4 2 1 2 2 2 14 2 1 4 2 1 2 2 3 1 0 0 0 0 0 0 0 1 1 0.0116916763333703
2 1 4 2 1 2 2 2 14 2 1 5 2 1 2 2 2 1 0 0 1 0 0 0 0 0 1 0.0163705417996971
2 1 4 2 2 2 2 2 3 2 1 4 2 1 2 2 2 14 0 0 0 0 1 0 0 0 1 0.0422726007694807
2 1 4 3 1 2 2 2 1 2 1 4 4 1 2 2 2 1 0 0 0 1 0 0 0 0 1 0.0676808653887591
2 1 4 4 1 2 2 2 1 2 2 4 2 2 3 3 0 1 0 1 0 1 1 1 1 1 6 5.3601715927188e-09
2 1 4 4 1 2 2 2 1 2 2 4 4 1 2 2 2 1 0 1 0 0 0 0 0 0 1 0.0349427263803991
2 1 4 4 2 4 4 2 1 2 4 4 4 3 4 4 4 1 0 1 0 0 1 0 0 1 3 6.01714296612263e-07
2 1 4 4 2 4 4 2 1 3 1 4 4 3 1 3 2 1 1 0 0 0 1 1 1 0 4 1.02748060194039e-05
2 2 1 2 2 2 2 2 1 2 2 0 2 2 2 2 2 1 0 0 1 0 0 0 0 0 1 0.05298942291994
2 2 1 2 2 2 2 2 1 2 2 1 2 2 2 2 1 1 0 0 0 0 0 0 0 1 1 0.00284592761492313
2 2 2 1 2 2 2 1 1 2 1 2 1 2 2 2 1 1 0 1 0 0 0 0 0 0 1 0.00841875271402517
2 2 2 1 2 2 2 2 1 2 2 2 1 2 2 2 1 1 0 0 0 0 0 0 0 1 1 0.00567717026242465
2 2 2 1 2 2 2 2 1 2 2 3 1 2 2 2 2 1 0 0 1 0 0 0 0 0 1 0.0135521573497055
2 2 2 2 1 2 2 2 2 2 2 2 2 1 0 2 2 1 0 0 0 0 0 1 0 0 1 0.00127030818289999
2 2 2 2 2 2 2 0 3 2 2 2 2 1 2 2 0 1 0 0 0 0 1 0 0 0 1 0.0264272465968261
2 2 2 2 2 2 2 1 3 2 2 2 2 2 2 2 0 3 0 0 0 0 0 0 0 1 1 0.0281538267078188
2 2 2 2 2 2 2 1 3 3 2 2 2 2 2 2 1 1 1 0 0 0 0 0 0 0 1 0.0234600876300687
2 2 2 2 2 2 2 3 2 2 2 2 0 2 2 2 3 1 0 0 0 1 0 0 0 0 1 0.000675391954033898
2 2 2 2 2 2 2 3 2 2 2 2 2 2 2 2 4 1 0 0 0 0 0 0 0 1 1 0.101985800829344
2 2 2 2 2 2 3 2 1 2 2 2 2 2 2 4 2 1 0 0 0 0 0 0 1 0 1 0.0382746366469085
2 2 4 1 2 2 2 1 1 3 2 4 3 2 2 2 2 1 1 0 0 1 0 0 0 1 3 0.00161490118588414
2 2 4 2 2 2 2 1 1 2 2 4 1 2 2 2 1 1 0 0 0 1 0 0 0 0 1 0.00438002879062401
2 2 4 2 2 2 2 2 3 2 1 4 2 2 2 2 2 3 0 1 0 0 0 0 0 0 1 0.0292534516075608
2 2 4 2 2 2 2 2 3 2 2 4 2 1 2 2 2 3 0 0 0 0 1 0 0 0 1 0.0442582111888135
2 2 4 2 2 2 2 2 3 2 2 4 2 2 2 1 2 1 0 0 0 0 0 0 1 0 1 0.0225254202718576
2 2 4 2 2 2 2 2 3 2 2 4 2 2 2 2 1 1 0 0 0 0 0 0 0 1 1 0.00967615389073866
2 2 4 2 2 2 2 2 3 2 2 4 2 3 2 2 2 1 0 0 0 0 1 0 0 0 1 0.0102365930640793
2 2 4 2 2 3 3 0 1 4 2 4 2 0 2 2 2 1 1 0 0 0 1 1 1 1 5 1.82910997970008e-07
2 2 4 4 1 2 2 2 1 2 2 4 4 1 2 2 4 1 0 0 0 0 0 0 0 1 1 0.00413358788326789
2 2 4 4 1 2 2 4 1 3 2 5 2 1 4 2 2 1 1 0 1 1 0 1 0 1 5 1.20365105899234e-07
2 4 4 4 3 4 4 4 1 3 1 7 4 2 4 4 2 1 1 1 1 0 1 0 0 1 5 1.33830788319427e-07
3 1 4 4 3 1 3 2 1 3 2 6 4 2 3 3 2 1 0 1 1 0 1 1 0 0 4 3.09026172204288e-06
3 1 7 4 2 4 4 2 1 3 1 8 4 1 2 3 3 1 0 0 1 0 1 1 1 1 5 7.83448132940007e-06
3 1 8 4 1 2 3 3 1 3 2 7 4 2 5 4 2 1 0 1 1 0 1 1 1 1 6 2.50903690216059e-08
3 2 6 4 2 3 3 2 1 3 2 7 2 2 4 3 3 1 0 0 1 1 0 1 0 1 4 2.90708775067899e-06
3 2 7 2 2 4 3 3 1 3 2 7 4 2 4 2 4 1 0 0 0 1 0 0 1 1 3 6.92697903827178e-05
3 2 7 4 2 4 2 4 1 3 2 7 4 2 4 4 4 1 0 0 0 0 0 0 1 0 1 0.001221989698561
3 2 7 4 2 4 4 4 1 4 2 7 3 2 4 4 4 1 1 0 0 1 0 0 0 0 2 0.00229757610178013
4 1 8 4 2 4 4 4 1 4 2 7 4 4 4 4 4 1 0 1 1 0 1 0 0 0 3 9.4842091487914e-05
4 2 2 4 2 4 4 4 1 2 2 2 4 2 4 4 4 1 1 0 0 0 0 0 0 0 1 0.00151731163216186
4 2 2 4 2 4 4 4 1 4 2 4 4 2 3 3 4 1 0 0 1 0 0 1 1 0 3 0.000102929285193404
4 2 4 2 0 2 2 2 1 4 2 4 4 2 2 2 2 1 0 0 0 1 1 0 0 0 2 0.00245635858121709
4 2 4 4 2 3 3 4 1 4 3 6 2 1 3 3 2 1 0 1 1 1 1 0 0 1 5 2.70761961022883e-07
4 2 4 4 2 4 4 3 1 4 2 4 4 2 4 4 4 1 0 0 0 0 0 0 0 1 1 0.0651020370449281
4 2 4 4 2 4 4 4 1 4 2 2 4 2 4 4 4 1 0 0 1 0 0 0 0 0 1 0.00666799830855206
4 2 4 4 2 4 4 4 1 4 2 4 3 2 4 4 4 1 0 0 0 1 0 0 0 0 1 0.011999393352552
4 2 5 2 2 4 4 4 1 4 2 7 4 2 2 2 4 1 0 0 1 1 0 1 1 0 4 1.62784170753587e-06
4 2 6 2 2 4 4 4 1 4 2 5 2 2 4 4 4 1 0 0 1 0 0 0 0 0 1 0.014410618967131
4 2 6 2 2 4 4 4 1 4 2 8 2 2 4 4 2 1 0 0 1 0 0 0 0 1 2 0.000374472312980699
4 2 7 2 2 4 4 4 1 4 2 6 2 2 4 4 4 1 0 0 1 0 0 0 0 0 1 0.0235232162551698
4 2 7 3 2 4 4 4 1 4 2 7 2 2 4 4 4 1 0 0 0 1 0 0 0 0 1 0.0103857911592663
4 2 7 3 2 4 4 4 1 4 2 7 4 2 4 4 3 1 0 0 0 1 0 0 0 1 2 0.002209439639874
4 2 7 4 2 2 2 4 1 4 2 7 2 2 2 2 4 1 0 0 0 1 0 0 0 0 1 0.00717358733380199
4 2 7 4 2 4 4 2 1 4 2 3 4 2 4 4 2 1 0 0 1 0 0 0 0 0 1 0.0115035135352
4 2 7 4 2 4 4 2 1 4 2 8 4 2 2 3 4 1 0 0 1 0 0 1 1 1 4 2.21698049831375e-05
4 2 7 4 2 4 4 3 1 4 2 4 4 2 4 4 3 1 0 0 1 0 0 0 0 0 1 0.00537259067900959
4 2 7 4 2 4 4 3 1 4 2 7 4 2 4 4 2 1 0 0 0 0 0 0 0 1 1 0.0146424211790027
4 2 7 4 2 4 4 3 1 4 2 8 4 2 2 4 0 1 0 0 1 0 0 1 0 1 3 9.15232812726895e-05
4 2 7 4 2 4 4 3 1 4 2 8 4 2 4 4 3 1 0 0 1 0 0 0 0 0 1 0.0319477267162535
4 2 7 4 4 4 4 4 1 4 2 8 5 4 4 5 4 1 0 0 1 1 0 0 1 0 3 0.000381152547507504
4 2 7 4 4 4 4 4 1 4 3 8 3 1 3 3 6 1 0 1 1 1 1 1 1 1 7 2.99679868196755e-09
4 2 8 2 2 4 4 2 1 4 2 4 2 2 4 4 2 1 0 0 1 0 0 0 0 0 1 0.0427754523572413
4 2 8 2 2 4 4 2 1 5 2 7 4 2 3 2 1 1 1 0 1 1 0 1 1 1 6 5.74617594246696e-08
4 2 8 4 2 2 3 4 1 4 2 8 4 2 3 4 2 1 0 0 0 0 0 1 1 1 3 4.04991545669809e-05
4 2 8 4 2 2 4 0 1 4 4 4 4 4 2 4 0 1 0 1 1 0 1 0 0 0 3 3.5497889299651e-06
4 2 8 4 2 3 4 2 1 5 2 4 5 2 4 4 1 1 1 0 1 1 0 1 0 1 5 1.37645325680663e-06
4 2 8 4 2 4 4 3 1 4 2 8 4 2 4 4 4 4 0 0 0 0 0 0 0 1 1 0.0296584999804178
4 2 8 4 2 4 4 4 4 4 1 8 4 2 4 4 4 1 0 1 0 0 0 0 0 0 1 0.00819876008737485
4 2 8 5 4 4 5 4 1 6 2 7 8 0 4 4 3 1 1 0 1 1 1 0 1 1 6 1.26045349102633e-08
4 3 8 3 1 3 3 6 1 4 4 8 4 4 3 4 2 1 0 1 0 1 1 0 1 1 5 3.34799182605888e-08
4 4 8 4 4 3 4 2 1 5 4 8 8 4 7 3 1 1 1 0 0 1 0 1 1 1 5 2.30277941397504e-09
2 2 2 2 2 2 2 2 8 1 2 2 2 2 2 2 2 1 1 0 0 0 0 0 0 0 1 0.0105929230275348
2 2 2 2 2 2 2 2 8 2 1 2 2 2 2 2 2 2 0 1 0 0 0 0 0 0 1 0.0312671435204717
2 2 2 2 2 2 2 2 8 2 2 2 1 2 2 2 2 2 0 0 0 1 0 0 0 0 1 0.00954435471884746
2 2 2 2 2 2 2 2 8 2 2 2 2 1 2 2 2 4 0 0 0 0 1 0 0 0 1 0.0473047714083188
2 2 2 2 2 2 2 2 8 2 2 2 2 2 1 2 2 2 0 0 0 0 0 1 0 0 1 0.0358984945169408
2 2 2 2 2 2 2 2 8 2 2 2 2 2 2 2 0 1 0 0 0 0 0 0 0 1 1 0.00143641972999075
2 2 2 2 2 2 2 2 8 2 2 2 2 2 2 2 3 2 0 0 0 0 0 0 0 1 1 0.0126404936239186
2 2 2 2 2 2 2 2 8 2 2 2 2 3 2 2 2 1 0 0 0 0 1 0 0 0 1 0.0109412396454615
2 2 2 2 2 2 2 2 8 2 2 3 2 2 2 2 2 1 0 0 1 0 0 0 0 0 1 0.0246882538604266
2 2 2 2 2 2 2 2 8 2 3 2 2 2 2 2 2 1 0 1 0 0 0 0 0 0 1 0.00880337050576388
1 3 2 2 1 2 2 2 1 2 2 2 2 3 3 3 2 1 1 1 0 0 1 1 1 0 5 7.89165919084042e-07
2 2 2 2 1 2 2 2 4 2 2 2 2 0 2 2 2 2 0 0 0 0 1 0 0 0 1 0.0196298711286221
2 2 2 2 1 2 2 2 4 2 2 2 2 1 3 2 2 1 0 0 0 0 0 1 0 0 1 0.0104800425089249
2 2 2 2 1 2 2 2 4 2 3 2 2 1 2 2 2 3 0 1 0 0 0 0 0 0 1 0.00911187410296211
2 2 2 2 2 1 2 2 2 2 2 2 2 2 1 3 2 1 0 0 0 0 0 0 1 0 1 0.0197760147198833
2 2 3 2 2 2 2 2 1 2 2 4 2 2 2 2 2 1 0 0 1 0 0 0 0 0 1 0.035526999457687
2 2 4 2 2 2 2 2 1 2 3 4 2 2 2 2 2 1 0 1 0 0 0 0 0 0 1 0.00823640870504139
2 3 2 2 1 2 2 2 3 1 3 2 2 1 2 2 2 1 1 0 0 0 0 0 0 0 1 0.0100321227854516
2 3 4 2 1 2 2 2 1 2 3 3 2 1 2 2 2 2 0 0 1 0 0 0 0 0 1 0.0119757531313663
2 3 4 2 1 2 2 2 1 3 2 3 2 0 2 2 2 1 1 1 1 0 1 0 0 0 4 2.52305182649853e-05
2 3 4 2 2 2 2 2 1 2 3 4 2 1 2 2 2 1 0 0 0 0 1 0 0 0 1 0.0404960019732355
2 3 4 2 2 2 2 2 1 3 3 4 2 2 2 2 2 2 1 0 0 0 0 0 0 0 1 0.040944478678146
3 2 4 2 1 2 2 2 8 3 0 4 2 1 2 2 2 1 0 1 0 0 0 0 0 0 1 0.0033294243138395
3 2 4 2 1 2 2 2 8 3 2 4 2 1 2 2 1 1 0 0 0 0 0 0 0 1 1 0.00810221916820383
3 2 4 2 1 2 2 2 8 3 3 3 3 2 2 2 2 1 0 1 1 1 1 0 0 0 4 2.68492546290886e-06
3 3 4 1 1 2 2 2 1 3 3 4 1 1 2 1 2 1 0 0 0 0 0 0 1 0 1 0.00947350035838276
3 3 4 2 1 1 2 1 1 3 3 4 2 1 3 4 2 1 0 0 0 0 0 1 1 1 3 1.65958540668837e-05
3 3 4 2 1 1 2 1 1 3 4 4 2 2 2 3 3 1 0 1 0 0 1 1 1 1 5 4.43597211873912e-06
3 3 4 2 1 1 2 2 2 3 3 4 2 1 1 2 1 1 0 0 0 0 0 0 0 1 1 0.00730732305304089
3 3 4 2 1 2 2 2 13 3 2 4 2 1 2 2 2 8 0 1 0 0 0 0 0 0 1 0.0283001066676357
3 3 4 2 1 2 2 2 13 3 3 4 1 1 2 2 2 1 0 0 0 1 0 0 0 0 1 0.00684155767527279
3 3 4 2 1 2 2 2 13 3 3 4 2 0 2 2 2 1 0 0 0 0 1 0 0 0 1 0.0135946220795269
3 3 4 2 1 2 2 2 13 3 3 4 2 1 1 2 2 2 0 0 0 0 0 1 0 0 1 0.0257326585115408
3 3 4 2 1 2 2 2 13 3 3 4 3 1 2 2 2 1 0 0 0 1 0 0 0 0 1 0.0114025961254547
3 3 4 2 1 3 4 2 1 3 3 4 3 1 2 4 2 1 0 0 0 1 0 1 0 0 2 0.00292151770812833
3 3 4 2 2 2 2 2 2 3 3 4 2 1 2 2 2 13 0 0 0 0 1 0 0 0 1 0.0327608105850894
3 3 4 2 2 2 2 2 2 3 3 4 2 2 2 3 2 2 0 0 0 0 0 0 1 0 1 0.0138948044339092
3 3 4 2 2 2 2 2 2 3 4 4 2 2 2 2 2 1 0 1 0 0 0 0 0 0 1 0.0213680715571318
3 3 4 3 1 2 2 2 1 3 2 4 3 1 2 2 2 1 0 1 0 0 0 0 0 0 1 0.0189728499144105
3 3 4 3 1 2 4 2 1 4 4 4 2 1 2 3 2 1 1 1 0 1 0 0 1 0 4 0.000159155631945231
3 4 4 2 2 2 2 2 1 3 4 4 2 3 2 2 2 3 0 0 0 0 1 0 0 0 1 0.00419441898787899
4 4 4 2 1 2 3 2 1 6 6 8 3 2 6 6 2 1 1 1 1 1 1 1 1 0 7 6.69003192e-13
6 6 8 3 2 6 6 2 1 10 6 9 8 6 7 7 7 1 1 0 1 1 1 1 1 1 7 5.8968e-13
2 2 2 2 2 2 2 2 0 1 1 1 2 1 2 2 3 1 1 1 1 0 1 0 0 1 5 4.229350233436e-07
2 2 2 2 2 2 2 2 0 1 2 2 2 2 2 2 2 1 1 0 0 0 0 0 0 0 1 0.0105929230275348
2 2 2 2 2 2 2 2 0 2 1 2 2 2 2 2 2 3 0 1 0 0 0 0 0 0 1 0.0312671435204717
2 2 2 2 2 2 2 2 0 2 2 1 2 2 2 2 2 4 0 0 1 0 0 0 0 0 1 0.00933336426430761
2 2 2 2 2 2 2 2 0 2 2 2 1 2 2 2 2 2 0 0 0 1 0 0 0 0 1 0.00954435471884746
2 2 2 2 2 2 2 2 0 2 2 2 2 1 2 2 2 7 0 0 0 0 1 0 0 0 1 0.0473047714083188
2 2 2 2 2 2 2 2 0 2 2 2 2 2 1 2 2 6 0 0 0 0 0 1 0 0 1 0.0358984945169408
2 2 2 2 2 2 2 2 0 2 2 2 2 2 2 1 2 2 0 0 0 0 0 0 1 0 1 0.0240759811166037
2 2 2 2 2 2 2 2 0 2 2 2 2 2 2 2 1 1 0 0 0 0 0 0 0 1 1 0.0103422220559334
2 2 2 2 2 2 2 2 0 2 2 2 2 2 2 2 3 4 0 0 0 0 0 0 0 1 1 0.0126404936239186
2 2 2 2 2 2 2 2 0 2 2 2 2 2 2 3 2 2 0 0 0 0 0 0 1 0 1 0.0200633175971698
2 2 2 2 2 2 2 2 0 2 2 2 3 2 2 2 2 5 0 0 0 1 0 0 0 0 1 0.0159072578647458
2 2 2 2 2 2 2 2 0 3 2 2 2 2 2 2 2 7 1 0 0 0 0 0 0 0 1 0.0478286524576572
1 1 1 2 1 2 2 3 1 2 1 2 2 1 1 1 1 1 1 0 1 0 0 1 1 1 5 4.70333405889458e-05
1 2 2 2 1 2 2 1 1 2 0 2 2 2 2 1 1 1 1 1 0 0 1 0 1 0 4 1.37384393285588e-05
1 2 2 2 1 2 2 1 1 2 1 2 1 1 2 2 2 1 1 1 0 1 0 0 0 1 4 0.000223399698096863
1 2 2 2 2 2 2 1 1 1 2 2 2 1 2 2 1 1 0 0 0 0 1 0 0 0 1 0.0131803005530163
1 2 2 2 2 2 2 2 1 1 2 1 2 2 2 2 2 1 0 0 1 0 0 0 0 0 1 0.00530172377061169
1 2 2 2 2 2 2 2 1 1 2 2 2 2 2 2 1 1 0 0 0 0 0 0 0 1 1 0.00587479530018691
1 2 2 2 2 2 2 2 1 1 2 2 2 2 2 2 3 1 0 0 0 0 0 0 0 1 1 0.00718030536689511
2 1 2 2 1 1 1 1 1 3 1 0 0 1 2 2 2 1 1 0 1 1 0 1 1 1 6 1.06412080226443e-08
2 1 2 2 1 1 1 1 1 3 2 1 2 1 1 3 2 1 1 1 1 0 0 0 1 1 5 5.58871307084442e-06
2 1 2 2 1 1 2 2 1 2 1 2 2 1 2 2 1 1 0 0 0 0 0 1 0 1 2 0.00161052552501398
2 1 2 2 2 1 2 2 1 2 1 2 2 1 1 2 2 1 0 0 0 0 1 0 0 0 1 0.0445354749421185
2 1 2 2 2 2 2 2 3 2 1 2 2 2 1 2 2 1 0 0 0 0 0 1 0 0 1 0.0342879363213756
2 1 2 2 2 2 2 2 3 2 1 2 2 2 2 0 2 1 0 0 0 0 0 0 1 0 1 0.00117927337652241
2 2 1 2 2 2 2 2 4 2 2 0 2 2 2 2 2 1 0 0 1 0 0 0 0 0 1 0.05298942291994
2 2 1 2 2 2 2 2 4 2 2 1 2 2 2 2 1 1 0 0 0 0 0 0 0 1 1 0.00284592761492313
2 2 2 1 1 1 3 2 1 2 2 2 3 2 1 2 4 1 0 0 0 1 1 0 1 1 4 7.02512478274693e-06
2 2 2 1 2 2 2 2 2 2 2 2 1 2 1 2 2 1 0 0 0 0 0 1 0 0 1 0.0197058102635176
2 2 2 1 2 2 2 2 2 2 2 2 1 2 2 2 0 1 0 0 0 0 0 0 0 1 1 0.000788495869781202
2 2 2 2 1 1 2 2 8 1 2 2 2 1 1 2 2 1 1 0 0 0 0 0 0 0 1 0.0108071349717503
2 2 2 2 1 1 3 2 1 2 2 2 1 1 1 3 2 1 0 0 0 1 0 0 0 0 1 0.00893078609961719
2 2 2 2 1 2 2 2 7 2 2 2 2 0 2 2 2 2 0 0 0 0 1 0 0 0 1 0.0196298711286221
2 2 2 2 1 2 2 2 7 2 2 2 2 1 1 2 2 8 0 0 0 0 0 1 0 0 1 0.0371565143498248
2 2 2 2 1 2 2 2 7 2 2 2 2 1 2 3 2 1 0 0 0 0 0 0 1 0 1 0.0207664125818015
2 2 2 2 1 2 2 2 7 2 2 2 3 1 2 2 2 1 0 0 0 1 0 0 0 0 1 0.0164647087035604
2 2 2 2 1 2 2 2 7 3 2 2 2 1 2 2 2 24 1 0 0 0 0 0 0 0 1 0.0495047504161233
2 2 2 2 1 2 3 2 1 2 1 2 2 1 2 3 2 1 0 1 0 0 0 0 0 0 1 0.029682145833932
2 2 2 2 1 3 3 2 1 3 2 2 2 1 3 3 2 2 1 0 0 0 0 0 0 0 1 0.0341343599066669
2 2 2 2 2 1 2 2 6 2 2 2 2 2 1 1 2 1 0 0 0 0 0 0 1 0 1 0.02373121766386
2 2 2 2 2 1 2 2 6 2 2 2 2 2 1 2 0 1 0 0 0 0 0 0 0 1 1 0.00141585047371404
2 2 2 2 2 1 2 2 6 2 2 2 2 2 1 3 2 1 0 0 0 0 0 0 1 0 1 0.0197760147198833
2 2 2 2 2 1 3 2 1 2 2 2 2 1 1 3 2 1 0 0 0 0 1 0 0 0 1 0.0427650844548119
2 2 2 2 2 2 1 2 2 2 2 2 3 2 2 1 2 1 0 0 0 1 0 0 0 0 1 0.0144368390705256
2 2 2 2 2 2 2 1 1 2 2 2 2 2 2 3 1 1 0 0 0 0 0 0 1 0 1 0.00984111332419836
2 2 2 2 2 2 2 3 4 2 2 2 4 2 2 2 3 1 0 0 0 1 0 0 0 0 1 0.00243141103452203
2 2 2 2 2 2 3 2 2 2 2 2 2 2 3 3 2 1 0 0 0 0 0 1 0 0 1 0.00928651300275096
2 2 2 2 2 3 3 2 1 2 2 2 2 1 3 3 2 1 0 0 0 0 1 0 0 0 1 0.032617437296043
2 2 2 3 1 2 1 2 1 3 2 2 3 1 2 1 2 1 1 0 0 0 0 0 0 0 1 0.0301209155295349
2 2 2 3 1 2 2 2 1 2 2 2 3 1 2 1 2 1 0 0 0 0 0 0 1 0 1 0.0167065672424122
2 2 2 3 1 2 2 2 1 3 2 2 3 1 2 2 2 3 1 0 0 0 0 0 0 0 1 0.0331887865556912
2 2 2 3 2 2 1 2 1 3 2 2 3 2 2 1 2 1 1 0 0 0 0 0 0 0 1 0.0291011021863342
2 2 2 3 2 2 2 2 5 3 2 2 3 2 2 2 2 1 1 0 0 0 0 0 0 0 1 0.0320651033349423
2 2 2 4 2 2 2 3 1 2 2 2 4 2 2 2 4 1 0 0 0 0 0 0 0 1 1 0.0891371960004499
3 1 0 0 1 2 2 2 1 3 2 2 3 1 4 4 2 1 0 1 1 1 0 1 1 0 5 1.21639526136576e-06
3 1 2 2 1 1 2 2 2 3 1 2 2 1 2 2 2 5 0 0 0 0 0 1 0 0 1 0.0323914684244384
3 1 2 2 1 2 2 2 5 3 1 1 2 1 2 2 2 1 0 0 1 0 0 0 0 0 1 0.00746456573992319
3 2 1 2 1 2 2 2 1 3 2 0 2 1 2 2 2 1 0 0 1 0 0 0 0 0 1 0.0443701002425069
3 2 1 2 1 2 2 2 1 4 2 1 2 1 2 2 2 1 1 0 0 0 0 0 0 0 1 0.0299877887090736
3 2 2 2 1 1 1 2 1 3 2 2 2 1 2 1 2 2 0 0 0 0 0 1 0 0 1 0.0307781363608348
3 2 2 2 1 1 2 1 1 3 2 2 2 1 2 2 1 1 0 0 0 0 0 1 0 0 1 0.0166343950095838
3 2 2 2 1 1 2 2 12 3 1 2 2 1 1 2 2 2 0 1 0 0 0 0 0 0 1 0.0258062830150801
3 2 2 2 1 1 2 2 12 3 2 2 2 0 1 2 2 1 0 0 0 0 1 0 0 0 1 0.015652941671736
3 2 2 2 1 1 2 2 12 3 2 2 2 1 1 1 2 1 0 0 0 0 0 0 1 0 1 0.0198710695191585
3 2 2 2 1 1 2 2 12 3 2 2 2 1 1 2 1 1 0 0 0 0 0 0 0 1 1 0.00853593514884007
3 2 2 2 1 1 2 2 12 3 2 2 2 1 1 2 3 2 0 0 0 0 0 0 0 1 1 0.0104328096263601
3 2 2 2 1 1 2 2 12 3 2 2 3 1 1 2 2 1 0 0 0 1 0 0 0 0 1 0.0131290278621939
3 2 2 2 1 1 2 2 12 3 2 3 2 1 1 2 2 2 0 0 1 0 0 0 0 0 1 0.0203764077730085
3 2 2 2 1 1 2 3 2 3 2 2 2 1 2 2 4 1 0 0 0 0 0 1 0 1 2 0.013451503937135
3 2 2 2 1 2 2 2 24 3 2 1 2 1 2 2 2 1 0 0 1 0 0 0 0 0 1 0.0078151881108961
3 2 2 2 1 2 2 2 24 3 2 2 1 1 2 2 2 1 0 0 0 1 0 0 0 0 1 0.007991858606672
3 2 2 2 1 2 2 2 24 3 2 2 2 1 1 2 2 12 0 0 0 0 0 1 0 0 1 0.030059202620083
3 2 2 2 1 2 2 2 24 3 2 3 2 1 2 2 2 1 0 0 1 0 0 0 0 0 1 0.0206724330675316
3 2 2 3 1 1 2 2 1 3 2 2 3 1 1 2 4 1 0 0 0 0 0 0 0 1 1 0.00270235267241743
3 2 2 3 1 1 2 4 1 4 2 2 3 1 1 3 2 1 1 0 0 0 0 0 1 1 3 0.00038927094329107
3 2 2 3 1 2 2 2 3 3 2 2 3 1 2 2 3 1 0 0 0 0 0 0 0 1 1 0.00709593702730207
3 2 2 3 1 2 2 2 3 3 2 2 4 1 2 2 2 3 0 0 0 1 0 0 0 0 1 0.0612709159844854
3 2 2 3 1 2 2 3 1 3 2 2 3 1 2 3 3 1 0 0 0 0 0 0 1 0 1 0.00526019341459667
3 2 2 3 1 4 4 2 1 4 2 4 2 1 3 3 2 1 1 0 1 1 0 1 1 0 5 6.69810551287125e-06
3 2 2 3 2 2 2 2 1 3 2 3 3 2 2 2 2 1 0 0 1 0 0 0 0 0 1 0.0133899009069479
3 2 3 2 1 2 2 2 1 3 2 3 2 0 2 2 2 1 0 0 0 0 1 0 0 0 1 0.0151923208598014
4 2 4 2 1 3 3 2 1 4 2 4 4 2 3 4 4 1 0 0 0 1 1 0 1 1 4 1.33571897637249e-06
4 2 4 4 2 3 4 4 1 7 2 4 5 2 2 4 3 1 1 0 0 1 0 1 0 1 4 1.69783836215314e-06
2 2 2 2 2 2 2 2 18 1 1 4 2 0 1 1 2 1 1 1 1 0 1 1 1 0 6 2.56678660726488e-09
2 2 2 2 2 2 2 2 18 1 2 1 2 2 1 2 2 1 1 0 1 0 0 1 0 0 3 5.36860538653826e-05
2 2 2 2 2 2 2 2 18 1 2 2 2 2 2 2 2 1 1 0 0 0 0 0 0 0 1 0.0105929230275348
2 2 2 2 2 2 2 2 18 2 1 2 2 2 2 2 2 1 0 1 0 0 0 0 0 0 1 0.0312671435204717
2 2 2 2 2 2 2 2 18 2 2 2 2 1 2 2 2 3 0 0 0 0 1 0 0 0 1 0.0473047714083188
2 2 2 2 2 2 2 2 18 2 2 2 2 2 2 2 1 1 0 0 0 0 0 0 0 1 1 0.0103422220559334
2 2 2 2 2 2 2 2 18 2 2 2 2 4 2 2 2 1 0 0 0 0 1 0 0 0 1 0.00450521632460179
1 1 4 2 0 1 1 2 1 2 0 11 2 0 1 2 2 1 1 1 1 0 0 0 1 0 4 1.83098486905507e-06
1 1 4 2 0 1 1 2 1 2 2 10 2 0 1 3 3 1 1 1 1 0 0 0 1 1 5 8.697091651248e-08
1 1 4 2 0 1 1 2 1 4 2 6 4 1 2 2 4 1 1 1 1 1 1 1 1 1 8 4.352878455552e-10
1 2 10 4 2 1 3 4 1 2 1 10 4 0 0 3 4 1 1 1 0 0 1 1 0 0 4 1.99320365165496e-06
2 0 11 2 0 1 2 2 1 2 1 10 3 2 0 4 2 1 0 1 1 1 1 1 1 0 6 3.72292255901373e-07
2 1 2 2 2 1 0 2 1 2 2 2 2 2 4 4 2 1 0 1 0 0 0 1 1 0 3 0.00020699931823986
2 1 2 2 2 1 2 2 1 2 1 2 2 2 1 0 2 1 0 0 0 0 0 0 1 0 1 0.00116238640693021
2 1 2 2 2 2 2 1 1 2 2 1 2 2 2 1 2 1 0 1 1 0 0 0 1 1 4 4.59396730739634e-05
2 1 2 2 2 2 2 2 1 2 1 2 2 2 1 2 2 1 0 0 0 0 0 1 0 0 1 0.0342879363213756
2 1 2 2 2 2 2 2 1 2 1 2 2 2 2 2 1 1 0 0 0 0 0 0 0 1 1 0.00987822626121623
2 1 10 3 2 0 4 2 1 2 2 10 3 1 2 4 4 1 0 1 0 0 1 1 0 1 4 3.28232258786397e-05
2 2 1 2 2 2 1 2 1 2 2 2 1 2 2 1 2 1 0 0 1 1 0 0 0 0 2 0.00536563550466606
2 2 2 1 2 2 1 2 1 2 2 2 2 2 1 1 2 1 0 0 0 1 0 1 0 0 2 0.0134131985827304
2 2 2 2 4 2 2 2 1 2 2 2 3 2 2 2 3 1 0 0 0 1 1 0 0 1 3 0.000139963315156488
2 2 2 2 4 2 2 2 1 2 4 2 2 4 2 2 2 1 0 1 0 0 0 0 0 0 1 0.00164623902298023
2 2 10 2 0 1 3 3 1 4 2 8 2 2 1 4 4 1 1 0 1 0 1 0 1 1 5 2.67009530202045e-06
2 2 10 3 1 2 4 4 1 4 2 10 4 2 2 3 3 1 1 0 0 1 1 0 1 1 5 1.7158524518765e-06
3 2 10 2 2 1 5 4 1 4 2 10 2 2 1 5 4 1 1 0 0 0 0 0 0 0 1 0.0910135061897161
3 2 10 4 2 1 3 4 1 1 2 10 4 2 1 3 4 1 1 0 0 0 0 0 0 0 1 0.00180893725203322
3 2 10 4 2 1 5 4 2 3 2 10 2 2 1 5 4 1 0 0 0 1 0 0 0 0 1 0.011730951523479
3 2 10 4 2 1 5 4 2 4 0 10 2 2 0 4 3 1 1 1 0 1 0 1 1 1 6 3.91265803033683e-08
4 0 10 2 2 0 4 3 1 4 2 9 4 1 3 4 4 1 0 1 1 1 1 1 0 1 6 3.04483652832799e-07
4 2 6 4 1 2 2 4 1 4 2 7 2 2 1 5 2 1 0 0 1 1 1 1 1 1 6 6.00233689841386e-09
4 2 9 4 1 3 4 4 1 4 2 10 4 1 2 4 4 1 0 0 1 0 0 1 0 0 2 0.00294819251192427
4 2 10 2 2 1 5 4 1 4 2 10 3 2 2 5 4 1 0 0 0 1 0 1 0 0 2 0.00228798337639496
4 2 10 4 1 2 4 4 1 5 2 10 4 1 2 4 4 1 1 0 0 0 0 0 0 0 1 0.0286385789999649
4 2 10 4 2 1 3 3 1 4 2 10 4 2 1 4 3 3 0 0 0 0 0 0 1 0 1 0.0181185144500207
4 2 10 4 2 1 3 4 2 3 2 10 4 2 1 3 4 1 1 0 0 0 0 0 0 0 1 0.0062020705783996
4 2 10 4 2 1 3 4 2 4 2 10 3 2 1 3 4 1 0 0 0 1 0 0 0 0 1 0.0174747529134637
4 2 10 4 2 1 3 4 2 4 2 10 4 2 1 2 4 1 0 0 0 0 0 0 1 0 1 0.0251066148970489
4 2 10 4 2 1 4 3 3 4 2 10 4 2 1 4 4 6 0 0 0 0 0 0 0 1 1 0.0909613605033984
4 2 10 4 2 1 4 3 3 4 2 10 4 2 1 5 3 1 0 0 0 0 0 0 1 0 1 0.00862090606896147
4 2 10 4 2 1 4 4 6 4 2 10 4 2 0 4 4 1 0 0 0 0 0 1 0 0 1 0.00575771173585096
4 2 10 4 2 1 4 4 6 4 2 10 4 2 1 3 4 2 0 0 0 0 0 0 1 0 1 0.0265170988800292
4 2 10 4 2 1 5 3 1 4 2 10 4 2 1 5 4 12 0 0 0 0 0 0 0 1 1 0.0889758464951386
4 2 10 4 2 1 5 3 1 4 2 10 4 3 1 5 3 1 0 0 0 0 1 0 0 0 1 0.00445812452322061
4 2 10 4 2 1 5 4 12 3 2 10 4 2 1 5 4 2 1 0 0 0 0 0 0 0 1 0.00582052958732004
4 2 10 4 2 1 5 4 12 4 1 10 4 2 1 5 4 1 0 1 0 0 0 0 0 0 1 0.0245963760630641
4 2 10 4 2 1 5 4 12 4 2 10 4 1 1 5 4 1 0 0 0 0 1 0 0 0 1 0.0372124158503475
4 2 10 4 2 1 5 4 12 4 2 10 4 4 1 5 4 2 0 0 0 0 1 0 0 0 1 0.003544039604795
4 2 10 4 2 1 5 4 12 4 3 10 4 2 1 5 4 1 0 1 0 0 0 0 0 0 1 0.00692519326047435
4 2 10 4 2 2 3 3 1 4 2 10 4 2 1 3 3 1 0 0 0 0 0 1 0 0 1 0.0158124831060928
4 2 10 4 2 2 3 3 1 4 2 10 4 2 2 3 4 1 0 0 0 0 0 0 0 1 1 0.0961856540962573
4 2 10 4 2 2 3 4 1 5 2 10 3 1 2 2 4 1 1 0 0 1 1 0 1 0 4 5.01151290497113e-05
4 2 10 4 3 1 5 3 1 5 1 10 4 2 1 3 4 1 1 1 0 0 1 0 1 1 5 6.85045371257362e-06
4 2 10 4 4 1 5 4 2 5 3 10 3 4 1 5 4 1 1 1 0 1 0 0 0 0 3 5.7374898808434e-05
5 2 10 3 1 2 2 4 1 5 2 10 3 2 2 4 3 1 0 0 0 0 1 0 1 1 3 2.2262194542198e-05
5 2 10 4 1 2 4 4 1 5 2 10 4 2 2 4 4 1 0 0 0 0 1 0 0 0 1 0.0141184385227154
5 2 10 4 2 2 4 4 1 3 2 10 4 2 2 4 4 1 1 0 0 0 0 0 0 0 1 0.00779761419424128
5 2 10 4 2 2 4 4 1 5 3 10 5 2 2 8 5 1 0 1 0 1 0 0 1 1 4 3.55552663266588e-07
5 2 10 4 2 2 4 4 1 6 2 10 4 2 2 4 4 1 1 0 0 0 0 0 0 0 1 0.117970356680618
2 2 2 2 2 2 2 2 1 2 0 1 2 1 1 1 2 1 0 1 1 0 1 1 1 0 5 3.71060598785271e-07
2 2 2 2 2 2 2 2 1 2 2 2 2 2 2 1 2 1 0 0 0 0 0 0 1 0 1 0.0240759811166037
2 2 2 2 2 2 2 2 1 2 2 2 2 2 2 2 1 1 0 0 0 0 0 0 0 1 1 0.0103422220559334
2 2 2 2 2 2 2 2 1 2 2 2 2 2 3 2 2 1 0 0 0 0 0 1 0 0 1 0.0101252164022141
2 2 2 2 2 2 2 2 1 2 3 2 2 2 2 2 2 2 0 1 0 0 0 0 0 0 1 0.00880337050576388
2 2 2 2 2 2 2 2 1 3 2 2 2 2 2 2 2 1 1 0 0 0 0 0 0 0 1 0.0478286524576572
2 2 2 2 1 1 2 2 1 2 2 0 2 1 1 2 2 1 0 0 1 0 0 0 0 0 1 0.00122865873428032
2 3 2 2 1 2 2 2 1 2 3 3 2 1 2 2 2 2 0 0 1 0 0 0 0 0 1 0.023381232304096
2 3 2 2 1 2 2 2 1 3 3 2 2 1 2 2 2 1 1 0 0 0 0 0 0 0 1 0.045296554394918
2 3 2 2 2 2 2 2 2 2 3 2 2 1 2 2 2 1 0 0 0 0 1 0 0 0 1 0.043283586589666
2 3 3 2 1 2 2 2 2 2 3 3 2 1 2 3 2 1 0 0 0 0 0 0 1 0 1 0.0181779103081577
2 3 3 2 1 2 2 2 2 3 3 3 2 1 2 2 2 3 1 0 0 0 0 0 0 0 1 0.0433340573075503
2 3 3 2 1 2 3 2 1 2 3 3 2 1 2 6 2 1 0 0 0 0 0 0 1 0 1 0.00167796095152225
3 2 2 2 1 1 2 2 1 2 2 2 2 1 1 2 2 1 1 0 0 0 0 0 0 0 1 0.00229242256976522
3 2 2 2 1 2 2 2 3 3 2 1 2 1 2 2 2 1 0 0 1 0 0 0 0 0 1 0.0078151881108961
3 2 2 2 1 2 2 2 3 3 2 2 2 1 1 2 2 1 0 0 0 0 0 1 0 0 1 0.030059202620083
3 2 2 2 1 2 2 2 3 3 2 2 2 1 2 1 2 1 0 0 0 0 0 0 1 0 1 0.0201597533378388
3 2 2 2 2 2 2 2 1 3 2 2 2 1 2 2 2 3 0 0 0 0 1 0 0 0 1 0.0382690285550444
3 2 2 2 2 2 2 2 1 3 2 4 2 2 2 2 2 1 0 0 1 0 0 0 0 0 1 0.00633275023660161
3 2 2 2 2 2 2 2 1 4 2 2 2 2 2 2 2 1 1 0 0 0 0 0 0 0 1 0.105287234940346
3 2 3 2 1 2 2 2 1 3 2 3 2 1 1 2 2 1 0 0 0 0 0 1 0 0 1 0.0287568718274096
3 3 2 2 1 2 2 2 1 3 3 2 2 1 2 0 2 1 0 0 0 0 0 0 1 0 1 0.000945951553708416
3 3 2 2 1 2 2 2 1 4 3 2 2 1 2 2 2 8 1 0 0 0 0 0 0 0 1 0.0997132204129739
3 3 3 2 1 2 2 2 3 3 2 3 2 1 2 2 2 1 0 1 0 0 0 0 0 0 1 0.0289376560043284
3 3 3 2 1 2 2 2 3 3 3 3 2 2 2 2 2 2 0 0 0 0 1 0 0 0 1 0.0225604509255088
3 3 3 2 1 2 2 2 3 3 4 3 2 1 2 2 2 1 0 1 0 0 0 0 0 0 1 0.0226151429277524
3 3 3 2 1 2 2 2 3 4 3 3 2 1 2 2 2 14 1 0 0 0 0 0 0 0 1 0.0953930925964867
3 3 3 2 2 2 2 2 2 3 3 3 2 2 1 2 2 1 0 0 0 0 0 1 0 0 1 0.0254215018185355
3 3 3 2 2 2 2 2 2 4 3 3 2 2 2 2 2 1 1 0 0 0 0 0 0 0 1 0.0921633385545259
4 2 2 2 1 1 2 2 3 4 2 2 1 1 1 2 2 1 0 0 0 1 0 0 0 0 1 0.0101385270713608
4 2 2 2 1 1 2 2 3 4 2 2 2 1 0 2 2 1 0 0 0 0 0 1 0 0 1 0.00760519711747431
4 2 2 2 1 2 2 2 11 4 2 2 2 1 1 2 2 3 0 0 0 0 0 1 0 0 1 0.0386873070758476
4 2 2 2 1 2 2 2 11 4 2 3 2 1 2 2 2 4 0 0 1 0 0 0 0 0 1 0.0266061870035823
4 2 2 2 1 2 2 2 11 5 2 2 2 1 2 2 2 1 1 0 0 0 0 0 0 0 1 0.0365471311796883
4 2 2 2 2 2 2 2 1 4 2 1 2 2 2 2 2 1 0 0 1 0 0 0 0 0 1 0.00971788488942889
4 2 2 2 2 2 2 2 1 4 2 2 2 1 2 2 2 11 0 0 0 0 1 0 0 0 1 0.0492536571217701
4 2 3 2 1 1 1 2 2 4 2 4 2 1 1 2 2 1 0 0 1 0 0 0 1 0 2 0.00625202790607004
4 2 4 2 1 1 2 2 1 4 2 4 3 2 3 2 2 1 0 0 0 1 1 1 0 0 3 2.74943468508693e-05
4 3 2 2 1 1 2 2 3 4 3 3 2 1 1 2 2 10 0 0 1 0 0 0 0 0 1 0.0239958953971243
4 3 2 2 1 2 2 1 1 4 3 3 2 1 2 2 1 2 0 0 1 0 0 0 0 0 1 0.0119410472364425
4 3 2 2 1 2 2 2 8 4 3 2 2 1 1 2 2 3 0 0 0 0 0 1 0 0 1 0.0353986575959644
4 3 2 2 1 2 2 2 8 4 3 2 2 1 2 2 1 1 0 0 0 0 0 0 0 1 1 0.0101982209077501
4 3 2 2 1 2 2 2 8 4 3 2 2 1 2 3 2 1 0 0 0 0 0 0 1 0 1 0.0197839636290637
4 3 2 2 1 2 2 2 8 4 3 2 2 1 3 2 2 1 0 0 0 0 0 1 0 0 1 0.00998423675783612
4 3 2 2 1 3 2 2 1 4 3 3 2 1 3 2 2 1 0 0 1 0 0 0 0 0 1 0.0183019541164507
4 3 3 2 1 2 2 1 2 4 3 3 1 1 2 2 1 1 0 0 0 1 0 0 0 0 1 0.00441634303467485
4 3 3 2 1 2 2 2 14 4 3 4 2 1 2 2 2 4 0 0 1 0 0 0 0 0 1 0.0350323350919689
4 3 3 2 1 2 2 2 14 5 3 3 2 1 2 2 2 1 1 0 0 0 0 0 0 0 1 0.0319915859317486
4 3 3 2 2 2 2 2 1 4 3 4 2 2 2 2 2 1 0 0 1 0 0 0 0 0 1 0.0338462342666059
4 3 4 2 1 1 4 2 1 4 2 3 2 1 1 1 2 2 0 1 1 0 0 0 1 0 3 3.62487168862931e-05
4 3 4 2 1 2 2 2 4 4 3 4 2 1 2 3 2 1 0 0 0 0 0 0 1 0 1 0.018509820772391
4 3 4 2 1 2 3 2 1 4 3 4 2 1 1 4 2 1 0 0 0 0 0 1 1 0 2 0.00493006204820725
4 3 4 2 1 2 3 2 1 4 3 5 2 1 2 3 2 1 0 0 1 0 0 0 0 0 1 0.0149760791153532
2 2 2 2 2 2 2 2 0 0 0 2 2 1 2 5 2 1 1 1 0 0 1 0 1 0 4 3.51555025637844e-09
2 2 2 2 2 2 2 2 0 1 0 4 2 2 1 2 3 1 1 1 1 0 0 1 0 1 5 3.65887357394439e-08
2 2 2 2 2 2 2 2 0 1 1 2 2 1 1 1 2 1 1 1 0 0 1 1 1 0 5 3.09835824137326e-06
2 2 2 2 2 2 2 2 0 1 2 2 2 2 2 2 2 1 1 0 0 0 0 0 0 0 1 0.0105929230275348
2 2 2 2 2 2 2 2 0 2 2 2 1 2 2 2 2 1 0 0 0 1 0 0 0 0 1 0.00954435471884746
2 2 2 2 2 2 2 2 0 2 2 2 2 1 2 2 2 2 0 0 0 0 1 0 0 0 1 0.0473047714083188
2 2 2 2 2 2 2 2 0 2 2 2 2 2 2 2 4 1 0 0 0 0 0 0 0 1 1 0.00488382708196857
0 0 2 2 1 2 5 2 1 0 1 2 1 1 2 6 2 1 0 1 0 1 0 0 1 0 3 0.000225537229786719
0 0 2 2 1 2 5 2 1 1 2 4 0 1 2 4 2 1 1 1 1 1 0 0 1 0 5 3.6210925905908e-07
0 1 2 1 1 2 6 2 1 0 1 6 2 1 2 6 3 1 0 0 1 1 0 0 0 1 3 4.10812082568888e-07
0 1 2 1 1 2 6 2 1 1 0 4 2 0 2 4 2 1 1 1 1 1 1 0 1 0 6 4.04103755378232e-06
0 1 6 2 1 2 6 3 1 1 0 4 2 0 1 7 1 1 1 1 1 0 1 1 1 1 7 1.3483996720609e-07
0 1 6 2 1 2 6 3 1 1 1 4 2 1 2 8 4 1 1 0 1 0 0 0 1 1 4 0.00204812598435511
1 0 4 2 0 1 7 1 1 3 2 8 2 1 4 11 3 1 1 1 1 0 1 1 1 1 7 2.6079105703e-09
1 0 4 2 0 1 7 1 1 4 1 4 2 1 2 12 3 1 1 1 0 0 1 1 1 1 6 2.96314787215062e-05
1 0 4 2 0 2 4 2 1 1 1 2 2 1 1 8 2 1 0 1 1 0 1 1 1 0 5 2.8088790748331e-06
1 0 4 2 0 2 4 2 1 2 0 1 1 0 1 4 2 1 1 0 1 1 0 1 0 0 4 7.78739362273373e-07
1 1 2 2 1 1 8 2 1 1 1 2 2 1 2 8 3 1 0 0 0 0 0 1 0 1 2 0.000671153209739573
1 1 2 2 1 2 4 2 1 1 1 3 1 1 2 2 2 1 0 0 1 1 0 0 1 0 3 3.39799678419096e-05
1 1 2 2 1 2 4 3 1 1 1 2 2 1 2 4 2 1 0 0 0 0 0 0 0 1 1 0.0232818185833474
1 1 2 2 1 2 8 3 1 1 1 4 2 2 2 8 3 1 0 0 1 0 1 0 0 0 2 0.000147523268696944
1 1 2 2 1 2 8 3 1 2 0 0 2 0 2 5 3 1 1 1 1 0 1 0 1 0 5 3.52633409432304e-07
1 1 3 1 1 2 2 2 1 2 0 4 2 1 2 2 2 1 1 1 1 1 0 0 0 0 4 0.000517800219691982
1 1 3 2 1 2 4 2 1 1 1 4 2 1 2 4 2 2 0 0 1 0 0 0 0 0 1 0.0175557838335189
1 1 3 2 1 2 4 3 1 1 1 2 2 1 2 4 3 1 0 0 1 0 0 0 0 0 1 0.00257094737969135
1 1 3 2 1 2 4 3 1 1 1 3 2 1 2 4 2 1 0 0 0 0 0 0 0 1 1 0.0222731215252867
1 1 4 2 1 2 4 2 2 1 2 2 2 1 1 6 2 1 0 1 1 0 0 1 1 0 4 3.43003829697547e-06
1 1 4 2 1 2 8 4 1 2 1 4 2 0 2 8 4 1 1 0 0 0 1 0 0 0 2 0.00539294326274098
1 1 4 2 2 2 8 3 1 1 1 8 2 2 2 4 3 1 0 0 1 0 0 0 1 0 2 9.15859298281728e-05
1 1 8 2 2 2 4 3 1 2 0 4 2 2 3 8 2 1 1 1 1 0 0 1 1 1 6 2.59764184470511e-07
1 2 2 2 1 1 6 2 1 1 2 4 2 2 2 4 4 1 0 0 1 0 1 1 1 1 5 9.00408030634312e-07
1 2 2 2 2 2 2 2 1 2 1 2 2 1 2 2 1 1 1 1 0 0 1 0 0 1 4 0.000131436839792553
1 2 4 2 2 2 4 4 1 2 0 3 2 1 1 1 3 1 1 1 1 0 1 1 1 1 7 4.97424595135104e-09
2 0 0 2 0 2 5 3 1 2 1 4 2 2 4 7 2 1 0 1 1 0 1 1 1 1 6 1.38156181754699e-06
2 0 1 1 0 1 4 2 1 2 1 2 1 1 1 7 2 1 0 1 1 0 1 0 1 0 4 0.000140795762590108
2 0 1 2 1 2 2 2 1 2 2 2 2 2 0 1 1 1 0 1 1 0 1 1 1 1 6 4.3143906210429e-08
2 0 3 2 1 1 1 3 1 2 0 4 2 2 2 4 3 1 0 0 1 0 1 1 1 0 4 4.06388312679815e-06
2 0 4 2 1 2 2 2 1 2 0 1 2 1 2 2 2 1 0 0 1 0 0 0 0 0 1 0.00085725053136969
2 0 4 2 1 2 2 2 1 2 1 2 3 0 2 2 3 1 0 1 1 1 1 0 0 1 5 1.17966785293604e-06
2 0 4 2 2 2 4 3 1 2 0 5 2 1 2 2 3 1 0 0 1 0 1 0 1 0 3 5.1687224004047e-05
2 0 5 2 1 2 2 3 1 2 1 3 1 1 2 5 2 1 0 1 1 1 0 0 1 1 5 1.35967524398829e-07
2 1 2 2 1 2 2 1 1 3 1 2 2 1 2 2 2 1 1 0 0 0 0 0 0 1 2 0.0154794872793054
2 1 3 2 1 2 4 2 1 2 1 3 2 1 2 4 3 1 0 0 0 0 0 0 0 1 1 0.0105198860230127
2 1 3 2 1 2 4 2 1 2 2 2 2 0 2 4 3 1 0 1 1 0 1 0 0 1 4 5.90752290608678e-06
2 1 3 2 1 2 4 3 1 1 1 3 2 1 2 4 3 1 1 0 0 0 0 0 0 0 1 0.00411733366818286
2 1 3 2 1 2 4 3 1 2 1 4 2 1 2 4 3 4 0 0 1 0 0 0 0 0 1 0.014434262217622
2 1 3 2 1 2 4 3 1 2 1 6 2 1 2 2 2 1 0 0 1 0 0 0 1 1 3 4.32135664479923e-05
2 1 4 1 1 2 4 2 1 2 1 4 2 1 1 4 2 1 0 0 0 1 0 1 0 0 2 0.0120289379231891
2 1 4 1 1 2 4 2 1 3 1 4 1 1 2 4 2 1 1 0 0 0 0 0 0 0 1 0.0213686915140297
2 1 4 1 1 2 4 3 1 2 1 4 1 1 1 4 3 1 0 0 0 0 0 1 0 0 1 0.00749064588736395
2 1 4 1 1 2 4 3 1 2 1 4 1 1 2 4 2 1 0 0 0 0 0 0 0 1 1 0.0210496553713696
2 1 4 2 0 2 8 4 1 2 1 4 2 2 2 8 4 1 0 0 0 0 1 0 0 0 1 0.0602321132476055
2 1 4 2 0 2 8 4 1 2 1 6 2 1 2 8 3 1 0 0 1 0 1 0 0 1 3 0.000234078264201529
2 1 4 2 1 2 4 3 4 2 1 4 1 1 2 4 3 1 0 0 0 1 0 0 0 0 1 0.00362803561316314
2 1 4 2 1 2 4 3 4 2 1 4 2 1 3 4 3 1 0 0 0 0 0 1 0 0 1 0.00384883491658954
2 1 4 2 1 2 4 3 4 2 1 5 2 2 1 4 2 1 0 0 1 0 1 1 0 1 4 4.41178527864853e-05
2 1 4 2 1 2 4 3 4 2 1 6 2 1 2 4 3 1 0 0 1 0 0 0 0 0 1 0.00538226726758787
2 1 4 2 1 2 4 3 4 4 1 4 2 1 2 4 3 1 1 0 0 0 0 0 0 0 1 0.00170826358118369
2 1 4 2 1 3 4 3 1 2 1 5 2 1 2 5 2 1 0 0 1 0 0 1 1 1 4 6.18638129062547e-05
2 1 4 2 2 2 8 4 1 3 0 4 3 1 2 5 4 1 1 1 0 1 1 0 1 0 5 6.63943000945732e-06
2 1 4 2 2 2 8 4 1 3 1 4 2 2 1 6 4 1 1 0 0 0 0 1 1 0 3 0.000645936024252368
2 1 5 2 1 2 5 2 1 2 1 5 2 1 2 5 3 1 0 0 0 0 0 0 0 1 1 0.00532775844779595
2 1 5 2 1 2 5 3 1 2 2 5 2 1 2 5 3 1 0 1 0 0 0 0 0 0 1 0.00850860805259873
2 1 5 2 2 1 4 2 1 2 2 4 3 2 2 6 2 1 0 1 1 1 0 1 1 0 5 3.04270701280286e-06
2 1 6 2 1 2 2 2 1 2 2 2 1 2 1 6 2 1 0 1 1 1 1 1 1 0 6 3.39133622055228e-09
2 1 6 2 1 2 4 3 1 3 1 2 3 0 2 6 2 1 1 0 1 1 1 0 1 1 6 1.01154817106543e-07
2 2 2 1 2 1 6 2 1 2 2 4 1 2 2 5 2 1 0 0 1 0 0 1 1 0 3 7.3942517798805e-05
2 2 2 2 0 2 4 3 1 4 2 2 2 2 2 4 3 1 1 0 0 0 1 0 0 0 2 0.000894553496860399
2 2 2 2 1 2 2 2 2 2 2 2 2 1 2 1 2 1 0 0 0 0 0 0 1 0 1 0.0249196950981618
2 2 2 2 2 2 2 4 1 2 2 3 2 2 2 2 3 1 0 0 1 0 0 0 0 1 2 0.0020964327300474
2 2 2 2 2 2 2 4 1 2 2 4 2 2 2 2 4 1 0 0 1 0 0 0 0 0 1 0.00705830416268525
2 2 4 2 2 2 2 4 1 3 1 2 2 2 1 2 3 1 1 1 1 0 0 1 0 1 5 2.9068256889851e-06
3 1 2 2 1 2 2 2 1 3 1 3 2 1 2 2 2 1 0 0 1 0 0 0 0 0 1 0.019744980344313
3 1 3 2 1 2 2 2 1 3 1 3 2 1 2 4 2 1 0 0 0 0 0 0 1 0 1 0.00377867805259946
3 1 3 2 1 2 4 2 1 2 1 3 2 1 2 4 2 1 1 0 0 0 0 0 0 0 1 0.00187002286727313
3 1 3 2 1 2 4 2 1 3 1 3 2 2 2 4 3 1 0 0 0 0 1 0 0 1 2 0.00101878656538503
3 1 3 2 2 2 4 3 1 3 1 4 2 1 2 2 3 1 0 0 1 0 1 0 1 0 3 0.000155742671643988
3 1 4 1 1 2 4 2 1 3 1 5 1 1 2 2 3 1 0 0 1 0 0 0 1 1 3 2.35977683297153e-05
3 1 4 2 1 2 2 3 1 3 1 4 3 1 2 2 3 1 0 0 0 1 0 0 0 0 1 0.00555909131155307
3 1 4 2 1 2 2 3 1 3 2 3 2 1 2 4 3 1 0 1 1 0 0 0 1 0 3 1.52514367581243e-05
3 1 4 2 2 1 6 4 1 4 2 4 2 2 2 8 3 1 1 1 0 0 0 1 1 1 5 4.62239423817943e-05
3 1 5 1 1 2 2 3 1 4 0 2 1 1 2 3 3 1 1 1 1 0 0 0 1 0 4 1.18356941417172e-05
3 2 3 2 1 2 4 3 1 3 0 3 2 1 2 4 3 1 0 1 0 0 0 0 0 0 1 0.00139912540876334
3 2 8 2 1 4 11 3 1 4 1 6 4 1 3 8 5 1 1 1 1 1 0 1 1 1 7 2.4506988701832e-08
3 2 8 2 1 4 11 3 1 8 4 12 4 4 4 14 6 1 1 1 1 1 1 0 1 1 7 2.1861252e-13
4 1 4 2 1 2 4 2 1 4 1 4 2 1 2 8 2 1 0 0 0 0 0 0 1 0 1 0.00475615126705368
4 1 4 2 1 2 4 2 1 4 2 2 2 0 1 4 3 1 0 1 1 0 1 1 0 1 5 8.35567556160041e-07
4 1 4 2 1 2 4 3 1 4 1 4 2 1 2 4 2 1 0 0 0 0 0 0 0 1 1 0.0399264284996549
4 1 4 2 1 2 4 3 1 4 1 4 2 1 2 5 3 1 0 0 0 0 0 0 1 0 1 0.00819107559693282
4 1 4 2 1 2 4 3 1 4 1 5 2 1 2 4 3 1 0 0 1 0 0 0 0 0 1 0.00700501076961343
4 1 4 2 1 2 4 3 1 4 1 6 2 2 2 4 2 1 0 0 1 0 1 0 0 1 3 0.000263206157855264
4 1 4 2 1 2 8 2 1 5 2 2 2 1 2 10 2 1 1 1 1 0 0 0 1 0 4 2.96967155269277e-05
4 1 4 2 1 2 12 3 1 4 1 8 2 0 2 8 3 1 0 0 1 0 1 0 1 0 3 0.000128164122572954
2 2 2 2 2 2 2 2 8 2 1 2 2 2 2 2 2 1 0 1 0 0 0 0 0 0 1 0.0312671435204717
2 2 2 2 2 2 2 2 8 2 3 2 2 2 2 2 2 1 0 1 0 0 0 0 0 0 1 0.00880337050576388
2 1 2 2 2 2 2 2 1 2 1 2 3 2 1 3 5 1 0 0 0 1 0 1 1 1 4 1.84947129675658e-07
2 1 2 2 2 2 2 2 1 2 2 2 2 1 4 2 2 1 0 1 0 0 1 1 0 0 3 6.34474931609239e-05
2 1 2 3 2 1 3 5 1 4 2 4 4 2 2 4 5 1 1 1 1 1 0 1 1 0 6 6.92856947687224e-08
2 1 2 3 2 1 3 5 1 6 2 3 3 2 2 2 3 1 1 1 1 0 0 1 1 1 6 1.1853956757097e-09
4 2 4 4 2 2 4 5 1 4 2 4 4 2 3 3 5 1 0 0 0 0 0 1 1 0 2 0.00045977589583379
4 2 4 4 2 2 4 5 1 5 2 4 4 2 2 4 5 1 1 0 0 0 0 0 0 0 1 0.0120082309947569
4 2 4 4 2 3 3 5 1 5 0 4 4 1 2 4 4 1 1 1 0 0 1 1 1 1 6 6.54844351907814e-07
4 3 6 6 2 3 6 7 1 9 2 4 5 4 1 4 6 1 1 1 1 1 1 1 1 1 8 6.46324804125e-10
5 2 3 4 2 2 4 6 1 5 2 4 2 3 2 4 6 1 0 0 1 1 1 0 0 0 3 4.58484650878871e-05
5 2 4 4 2 2 3 5 1 5 2 4 4 2 2 3 4 1 0 0 0 0 0 0 0 1 1 0.0187652471110736
5 2 4 4 2 2 3 6 2 5 2 4 4 2 2 3 5 1 0 0 0 0 0 0 0 1 1 0.0109667028571209
5 2 4 4 2 2 3 6 2 5 2 4 4 2 2 4 6 1 0 0 0 0 0 0 1 0 1 0.0165336283446856
5 2 4 4 2 2 4 4 1 6 2 4 3 2 2 4 4 1 1 0 0 1 0 0 0 0 2 0.00791975759595131
5 2 4 4 2 2 4 5 1 5 2 4 4 1 2 4 5 1 0 0 0 0 1 0 0 0 1 0.00909819217398859
5 2 4 4 2 2 4 5 1 5 2 4 4 2 2 4 4 1 0 0 0 0 0 0 0 1 1 0.0180038300162526
5 2 4 4 2 2 4 5 1 5 2 4 4 2 2 5 5 1 0 0 0 0 0 0 1 0 1 0.00398045379879534
5 2 4 4 2 2 4 5 1 6 2 4 4 2 2 4 5 2 1 0 0 0 0 0 0 0 1 0.0511987303321908
5 2 4 4 2 2 4 6 1 5 2 3 4 2 2 4 6 1 0 0 1 0 0 0 0 0 1 0.00513751344644003
5 2 4 4 2 3 4 6 1 4 3 6 6 2 3 6 7 1 1 1 1 1 0 0 1 1 6 8.6325136128e-11
6 2 3 3 2 2 2 3 1 6 2 4 2 2 1 1 3 1 0 0 1 1 0 1 1 0 4 2.65440118659318e-05
6 2 4 3 2 2 3 6 1 6 2 4 4 2 2 3 6 1 0 0 0 1 0 0 0 0 1 0.0569666579789901
6 2 4 3 2 2 4 4 1 6 2 4 3 3 2 4 4 1 0 0 0 0 1 0 0 0 1 0.00528879205096456
6 2 4 3 3 2 4 4 1 6 2 4 4 3 2 4 4 1 0 0 0 1 0 0 0 0 1 0.0384964241376442
6 2 4 4 2 2 3 5 1 6 2 4 4 2 2 3 4 1 0 0 0 0 0 0 0 1 1 0.0322281727426386
6 2 4 4 2 2 3 6 1 5 2 4 4 2 2 3 6 2 1 0 0 0 0 0 0 0 1 0.0107940115832855
6 2 4 4 2 2 3 6 1 6 2 4 4 2 3 3 6 1 0 0 0 0 0 1 0 0 1 0.00688955482769669
6 2 4 4 2 2 4 5 2 6 2 4 4 2 2 3 5 1 0 0 0 0 0 0 1 0 1 0.0108915533809818
6 2 4 4 2 2 4 5 2 6 2 5 4 2 2 4 5 1 0 0 1 0 0 0 0 0 1 0.00584631020896175
6 2 4 4 2 2 4 5 2 7 2 4 4 2 2 4 5 2 1 0 0 0 0 0 0 0 1 0.0103707449500173
6 2 4 4 2 2 4 6 9 6 1 4 4 2 2 4 6 1 0 1 0 0 0 0 0 0 1 0.0204120051782184
6 2 4 4 2 2 4 6 9 6 2 2 4 2 2 4 6 1 0 0 1 0 0 0 0 0 1 0.00756288639797605
6 2 4 4 2 2 4 6 9 6 2 4 4 2 1 4 6 1 0 0 0 0 0 1 0 0 1 0.023435471663418
6 2 4 4 2 2 4 6 9 6 2 4 4 2 2 4 7 1 0 0 0 0 0 0 0 1 1 0.00602347112438483
6 2 4 4 2 3 3 6 1 6 2 4 4 2 3 4 6 1 0 0 0 0 0 0 1 0 1 0.0213474545113305
6 2 4 4 2 3 4 6 1 5 2 4 4 2 3 4 6 1 1 0 0 0 0 0 0 0 1 0.00778556306002418
6 2 4 4 2 3 4 6 1 6 2 4 4 2 2 4 6 9 0 0 0 0 0 1 0 0 1 0.0488739750929402
6 2 4 4 2 3 4 6 1 6 2 4 4 2 3 5 5 2 0 0 0 0 0 0 1 1 2 0.00109348456026359
6 2 4 4 3 2 4 4 1 6 2 4 5 3 2 4 4 1 0 0 0 1 0 0 0 0 1 0.0117163029984134
6 2 4 4 3 2 4 6 1 6 2 4 3 3 2 4 6 1 0 0 0 1 0 0 0 0 1 0.00993054677932441
6 2 4 4 3 2 4 6 1 6 2 5 4 3 2 4 6 1 0 0 1 0 0 0 0 0 1 0.00843081464160416
6 2 4 5 3 2 4 4 1 6 2 5 4 1 2 4 4 1 0 0 1 1 1 0 0 0 3 0.000318570052751966
6 2 5 4 2 2 4 5 1 7 2 5 4 2 2 4 5 1 1 0 0 0 0 0 0 0 1 0.00549039438530329
7 2 4 2 2 2 4 5 1 7 2 4 2 2 2 3 5 1 0 0 0 0 0 0 1 0 1 0.0139831563364463
7 2 4 3 2 2 3 6 2 6 2 4 3 2 2 3 6 1 1 0 0 0 0 0 0 0 1 0.00551971763503916
7 2 4 3 2 2 4 5 1 7 2 4 2 2 2 4 5 1 0 0 0 1 0 0 0 0 1 0.0137371802239774
7 2 4 4 1 2 4 5 1 7 2 4 4 1 2 3 5 1 0 0 0 0 0 0 1 0 1 0.0126497866645981
7 2 4 4 2 2 3 6 4 7 2 4 3 2 2 3 6 2 0 0 0 1 0 0 0 0 1 0.0159175204598112
7 2 4 4 2 2 4 4 1 7 2 4 4 2 2 3 4 1 0 0 0 0 0 0 1 0 1 0.0233161928324092
7 2 4 4 2 2 4 5 2 7 2 4 3 2 2 4 5 1 0 0 0 1 0 0 0 0 1 0.00772716387598731
7 2 4 4 2 2 4 5 2 7 2 4 4 1 2 4 5 1 0 0 0 0 1 0 0 0 1 0.017533602136627
7 2 4 4 2 2 4 5 2 7 2 4 4 2 2 4 4 1 0 0 0 0 0 0 0 1 1 0.0346961227465529
7 2 4 4 2 2 4 5 2 7 2 4 4 2 2 4 6 14 0 0 0 0 0 0 0 1 1 0.0867403068663824
7 2 4 4 2 2 4 5 2 7 2 4 4 3 2 4 5 2 0 0 0 0 1 0 0 0 1 0.00405539097037632
7 2 4 4 2 2 4 5 2 7 2 5 4 2 3 5 2 1 0 0 1 0 0 1 1 1 4 9.34001758963846e-07
7 2 4 4 2 2 4 6 14 7 1 4 4 2 2 4 6 2 0 1 0 0 0 0 0 0 1 0.022904473676844
7 2 4 4 2 2 4 6 14 7 2 3 4 2 2 4 6 1 0 0 1 0 0 0 0 0 1 0.00990077094645065
7 2 4 4 2 2 4 6 14 7 2 4 5 2 2 4 6 2 0 0 0 1 0 0 0 0 1 0.0186653530348251
7 2 4 4 2 2 4 6 14 7 3 4 4 2 2 4 6 2 0 1 0 0 0 0 0 0 1 0.00644883239445123
7 2 4 4 2 2 4 6 14 8 2 4 4 2 2 4 6 3 1 0 0 0 0 0 0 0 1 0.0170443070667897
7 2 4 4 3 2 4 5 2 7 2 4 4 3 2 4 6 3 0 0 0 0 0 0 0 1 1 0.0632911125195255
7 2 4 4 3 2 4 5 2 7 2 4 5 2 3 3 5 1 0 0 0 1 1 1 1 0 4 7.46152042897679e-06
7 2 4 4 3 2 4 6 3 6 2 4 4 3 2 4 6 1 1 0 0 0 0 0 0 0 1 0.00503760385035137
7 2 4 4 3 2 4 6 3 7 2 6 4 3 2 4 6 1 0 0 1 0 0 0 0 0 1 0.00756822743662769
7 2 4 5 2 3 3 5 1 7 2 5 3 3 2 4 5 1 0 0 1 1 1 1 1 0 5 6.37079514192697e-07
7 2 5 4 2 2 4 5 1 7 2 5 4 2 2 4 6 2 0 0 0 0 0 0 0 1 1 0.0459213389292612
7 2 5 4 2 2 4 6 2 7 2 5 4 2 2 5 6 1 0 0 0 0 0 0 1 0 1 0.00802616580622909
7 2 5 4 2 2 4 6 2 7 2 5 4 2 3 4 6 1 0 0 0 0 0 1 0 0 1 0.00392672069671283
7 2 5 4 2 2 5 6 1 7 2 4 4 2 2 5 6 1 0 0 1 0 0 0 0 0 1 0.0620279151157921
7 2 5 4 2 3 4 6 1 7 2 4 4 2 3 4 6 3 0 0 1 0 0 0 0 0 1 0.0476725665500339
7 2 6 4 3 2 4 6 1 8 2 4 4 3 3 4 6 1 1 0 1 0 0 1 0 0 3 9.74588744591939e-05
7 3 4 4 2 2 4 6 2 7 3 4 4 2 2 5 5 2 0 0 0 0 0 0 1 1 2 0.00149337564182434
8 2 4 4 2 2 3 6 2 7 2 4 4 2 2 3 6 4 1 0 0 0 0 0 0 0 1 0.0818545878399149
8 2 4 4 2 2 4 6 3 8 2 4 4 2 2 3 6 2 0 0 0 0 0 0 1 0 1 0.0125888927633377
8 2 4 4 2 2 4 6 3 8 2 6 4 2 2 3 5 1 0 0 1 0 0 0 1 1 3 7.46327876095377e-05
8 2 4 4 2 2 4 6 3 9 2 4 4 2 2 4 6 1 1 0 0 0 0 0 0 0 1 0.0196333157351628
8 2 4 4 3 3 4 6 1 8 2 6 5 3 2 4 6 1 0 0 1 1 0 1 0 0 3 0.000113816923364307
9 2 4 4 2 2 4 6 1 9 2 4 4 2 3 4 6 1 0 0 0 0 0 1 0 0 1 0.00849615016470893
9 2 4 4 2 2 4 6 1 9 2 5 4 2 2 4 6 1 0 0 1 0 0 0 0 0 1 0.0148514264456114
2 2 2 2 2 2 2 2 1 2 1 2 2 2 2 2 2 4 0 1 0 0 0 0 0 0 1 0.0312671435204717
2 2 2 2 2 2 2 2 1 2 2 2 2 1 2 2 2 3 0 0 0 0 1 0 0 0 1 0.0473047714083188
2 2 2 2 2 2 2 2 1 2 2 2 2 2 1 2 2 3 0 0 0 0 0 1 0 0 1 0.0358984945169408
2 2 2 2 2 2 2 2 1 2 2 2 2 2 2 1 2 1 0 0 0 0 0 0 1 0 1 0.0240759811166037
2 2 2 2 2 2 2 2 1 2 2 2 2 2 2 3 2 5 0 0 0 0 0 0 1 0 1 0.0200633175971698
2 2 2 2 2 2 2 2 1 2 2 2 3 2 2 2 2 6 0 0 0 1 0 0 0 0 1 0.0159072578647458
1 2 2 3 2 2 2 2 1 2 1 1 2 2 1 2 2 1 1 1 1 1 0 1 0 0 5 1.13404167727771e-05
1 2 3 3 2 1 3 2 1 2 0 2 5 2 1 2 2 1 1 1 1 1 0 0 1 0 5 2.72586099850665e-07
2 1 2 2 1 1 3 2 2 2 1 2 2 2 1 3 2 1 0 0 0 0 1 0 0 0 1 0.0275088417630078
2 1 2 2 2 2 2 2 4 2 1 2 2 1 2 2 2 2 0 0 0 0 1 0 0 0 1 0.0451824794206965
2 1 2 2 2 2 2 2 4 2 1 2 2 2 3 2 2 1 0 0 0 0 0 1 0 0 1 0.00967095639833669
2 1 2 2 2 2 2 2 4 2 1 2 3 2 2 2 2 1 0 0 0 1 0 0 0 0 1 0.0151935910420063
2 1 2 3 1 1 2 2 1 2 1 2 3 1 1 3 2 1 0 0 0 0 0 0 1 0 1 0.0131071152134424
2 1 2 3 1 1 2 2 1 2 1 2 4 1 1 2 2 1 0 0 0 1 0 0 0 0 1 0.0713038571016459
2 1 2 3 1 1 3 2 1 2 1 2 2 1 1 3 2 2 0 0 0 1 0 0 0 0 1 0.0289506875215239
2 1 2 3 1 1 3 2 1 3 1 2 3 1 1 3 2 7 1 0 0 0 0 0 0 0 1 0.0286576695944958
2 1 2 3 2 1 2 2 1 2 1 2 3 1 1 2 2 1 0 0 0 0 1 0 0 0 1 0.0298573037857172
2 1 2 3 2 2 2 2 1 2 1 2 3 2 1 2 2 1 0 0 0 0 0 1 0 0 1 0.0229871879049942
2 1 2 3 2 2 2 2 1 2 1 2 3 2 2 3 2 1 0 0 0 0 0 0 1 0 1 0.0128473145687509
2 1 2 3 2 2 3 2 1 3 1 2 3 2 2 3 2 1 1 0 0 0 0 0 0 0 1 0.0280896360558596
2 1 2 4 1 1 2 2 1 2 1 2 4 1 3 2 2 1 0 0 0 0 0 1 0 0 1 0.00318137394182998
2 2 2 2 1 1 3 2 1 2 2 2 2 1 1 4 2 1 0 0 0 0 0 0 1 0 1 0.039048633050825
2 2 2 2 1 1 3 2 1 2 2 2 4 1 1 3 2 1 0 0 0 1 0 0 0 0 1 0.00487133787251847
2 2 2 2 1 2 2 2 3 1 2 2 2 1 2 2 2 1 1 0 0 0 0 0 0 0 1 0.0109641393539065
2 2 2 2 1 2 2 2 3 2 2 1 2 1 2 2 2 1 0 0 1 0 0 0 0 0 1 0.00966044085930212
2 2 2 2 1 2 2 2 3 2 2 2 2 1 2 3 2 1 0 0 0 0 0 0 1 0 1 0.0207664125818015
2 2 2 2 1 2 2 2 3 2 2 2 3 1 2 2 2 3 0 0 0 1 0 0 0 0 1 0.0164647087035604
2 2 2 2 1 2 3 2 1 2 2 2 2 1 1 3 2 1 0 0 0 0 0 1 0 0 1 0.0340787238454576
2 2 2 2 2 2 3 2 5 2 2 2 2 4 2 3 2 1 0 0 0 0 1 0 0 0 1 0.0041320351404511
2 2 2 3 1 2 2 2 3 2 0 2 3 1 2 2 2 1 0 1 0 0 0 0 0 0 1 0.00294905075501788
2 2 2 3 1 2 2 2 3 2 2 3 3 1 2 2 2 1 0 0 1 0 0 0 0 0 1 0.0171314295030956
2 2 2 3 2 2 2 2 6 1 2 2 3 2 2 2 2 1 1 0 0 0 0 0 0 0 1 0.0071016671815644
2 2 2 3 2 2 2 2 6 2 2 2 3 2 2 2 3 1 0 0 0 0 0 0 0 1 1 0.00847439167587796
2 2 3 3 1 2 2 2 1 3 2 2 2 0 2 2 2 1 1 0 1 1 1 0 0 0 4 1.99311021896979e-05
3 0 2 4 1 1 3 2 1 3 3 2 4 1 1 4 2 1 0 1 0 0 0 0 1 0 2 0.000554157345237542
3 1 2 2 1 1 3 2 3 3 1 1 2 1 1 3 2 1 0 0 1 0 0 0 0 0 1 0.0067482153445133
3 1 2 2 1 1 3 2 3 3 1 2 2 1 1 2 2 1 0 0 0 0 0 0 1 0 1 0.0216561752860614
3 1 2 3 1 1 3 2 7 3 1 2 2 1 1 3 2 3 0 0 0 1 0 0 0 0 1 0.023420780916289
3 1 2 3 1 1 3 2 7 3 1 2 3 1 2 3 2 1 0 0 0 0 0 1 0 0 1 0.0199169802430635
3 1 2 3 1 1 3 2 7 3 1 2 3 2 1 3 2 4 0 0 0 0 1 0 0 0 1 0.0149196726246406
3 1 2 3 1 1 3 2 7 3 1 2 4 1 1 3 2 4 0 0 0 1 0 0 0 0 1 0.0529058711769742
3 1 2 3 1 1 3 2 7 4 2 2 5 2 2 3 2 1 1 1 0 1 1 1 0 0 5 7.48891365434505e-06
3 1 2 3 1 2 2 2 1 3 1 2 3 1 0 2 2 1 0 0 0 0 0 1 0 0 1 0.00065805348811962
3 1 2 3 1 2 3 2 1 3 1 2 3 1 2 2 2 1 0 0 0 0 0 0 1 0 1 0.0147295754054434
3 1 2 3 2 1 3 2 4 3 1 2 5 2 1 3 2 1 0 0 0 1 0 0 0 0 1 0.00444474959995819
3 1 2 3 2 1 3 2 4 3 2 2 3 2 1 3 2 1 0 1 0 0 0 0 0 0 1 0.0202423656351394
3 1 2 4 1 1 3 2 4 3 0 2 4 1 1 3 2 1 0 1 0 0 0 0 0 0 1 0.0102429728651972
3 2 2 2 0 2 2 2 1 3 2 3 3 2 2 2 2 1 0 0 1 1 1 0 0 0 3 0.000598491488530937
3 2 2 3 2 1 3 2 1 3 2 2 3 2 1 3 3 1 0 0 0 0 0 0 0 1 1 0.0061977693270652
3 2 2 3 2 1 3 2 1 3 2 2 4 2 1 2 2 1 0 0 0 1 0 0 1 0 2 0.00623414180388327
3 2 2 3 2 1 3 2 1 3 2 3 3 2 1 3 2 6 0 0 1 0 0 0 0 0 1 0.0121049151296922
3 2 3 2 1 1 3 2 1 3 2 2 2 1 1 3 2 2 0 0 1 0 0 0 0 0 1 0.0084326456669605
3 2 3 2 1 1 3 2 1 3 2 3 2 1 2 3 2 1 0 0 0 0 0 1 0 0 1 0.029756241061046
3 2 3 2 2 1 3 2 1 3 2 3 2 1 1 3 2 1 0 0 0 0 1 0 0 0 1 0.0330975624025716
3 2 3 2 2 1 3 2 1 4 2 3 2 2 1 3 2 8 1 0 0 0 0 0 0 0 1 0.0910592967788564
3 2 3 3 2 1 3 2 6 1 2 3 3 2 1 3 2 1 1 0 0 0 0 0 0 0 1 0.00130284570962643
3 2 3 3 2 1 3 2 6 3 2 3 2 2 1 3 2 1 0 0 0 1 0 0 0 0 1 0.0226642689889376
3 2 3 3 2 1 3 2 6 4 1 3 3 2 2 2 2 1 1 1 0 0 0 1 1 0 4 0.00013820162105023
3 2 3 3 2 1 3 2 6 4 2 3 3 2 1 3 2 21 1 0 0 0 0 0 0 0 1 0.0610476275367811
4 1 3 3 2 1 3 2 1 4 1 3 3 1 1 3 2 2 0 0 0 0 1 0 0 0 1 0.0272770038175573
4 1 3 3 2 1 3 2 1 4 1 3 3 2 1 3 1 1 0 0 0 0 0 0 0 1 1 0.0059635597446754
4 2 3 2 1 1 3 2 1 4 2 3 3 1 1 3 2 5 0 0 0 1 0 0 0 0 1 0.0148264151928185
4 2 3 2 2 1 2 2 2 4 2 3 2 2 2 2 2 1 0 0 0 0 0 1 0 0 1 0.040342427362213
4 2 3 2 2 1 2 2 2 4 2 3 3 2 1 2 2 3 0 0 0 1 0 0 0 0 1 0.0156181313278909
4 2 3 2 2 1 3 2 8 4 2 3 2 1 1 3 2 1 0 0 0 0 1 0 0 0 1 0.0425977886477542
4 2 3 2 2 1 3 2 8 4 2 3 2 2 1 2 2 2 0 0 0 0 0 0 1 0 1 0.0269719997554088
4 2 3 2 2 1 3 2 8 4 2 3 2 2 2 3 2 1 0 0 0 0 0 1 0 0 1 0.0370007377007572
4 2 3 2 2 1 3 2 8 5 2 3 2 2 1 3 2 1 1 0 0 0 0 0 0 0 1 0.0305381787977872
4 2 3 2 2 2 2 2 1 5 2 3 2 2 2 2 2 1 1 0 0 0 0 0 0 0 1 0.0337799301853862
4 2 3 2 2 2 3 2 1 4 2 3 3 2 2 3 2 2 0 0 0 1 0 0 0 0 1 0.0145325357111148
4 2 3 3 1 1 3 2 5 4 2 3 4 1 1 3 2 2 0 0 0 1 0 0 0 0 1 0.0682015098869651
4 2 3 3 2 1 2 2 3 4 2 3 4 2 1 2 2 1 0 0 0 1 0 0 0 0 1 0.071843404108298
4 2 3 3 2 1 3 2 21 4 1 3 3 2 1 3 2 1 0 1 0 0 0 0 0 0 1 0.0188762105158255
4 2 3 3 2 1 3 2 21 4 2 3 3 2 1 4 2 1 0 0 0 0 0 0 1 0 1 0.0251935474769496
4 2 3 3 2 1 3 2 21 4 2 3 3 3 1 3 2 1 0 0 0 0 1 0 0 0 1 0.00660530894728535
4 2 3 3 2 1 3 2 21 4 2 3 4 2 1 3 2 13 0 0 0 1 0 0 0 0 1 0.0658923898424246
4 2 3 3 2 1 3 2 21 4 3 3 3 2 1 3 2 1 0 1 0 0 0 0 0 0 1 0.00531466121319358
4 2 3 3 2 1 4 2 1 4 2 3 3 2 0 4 2 1 0 0 0 0 0 1 0 0 1 0.00414686027604754
4 2 3 3 2 2 3 2 2 4 2 3 4 2 2 3 2 1 0 0 0 1 0 0 0 0 1 0.0668496642711281
4 2 3 3 2 2 3 2 2 5 2 3 3 2 2 3 2 1 1 0 0 0 0 0 0 0 1 0.0207707225031761
4 2 3 3 3 1 3 2 1 4 2 3 4 1 2 2 1 1 0 0 0 1 1 1 1 1 5 3.82868967224128e-06
4 2 3 4 0 1 3 2 1 4 2 3 4 0 1 2 2 1 0 0 0 0 0 0 1 0 1 0.00855625311291288
4 2 3 4 0 1 3 2 1 4 3 6 4 3 2 4 2 1 0 1 1 0 1 1 1 0 5 1.05714593312993e-07
4 2 3 4 0 1 3 2 1 5 1 3 4 1 1 3 2 1 1 1 0 0 1 0 0 0 3 0.00117806003840384
4 2 3 4 1 1 3 2 2 4 2 3 4 0 1 3 2 1 0 0 0 0 1 0 0 0 1 0.0154496559501818
4 2 3 4 2 1 2 2 1 2 2 3 4 2 1 2 2 1 1 0 0 0 0 0 0 0 1 0.00211646619433551
4 2 3 4 2 1 2 2 1 4 2 3 4 2 2 2 2 1 0 0 0 0 0 1 0 0 1 0.0352599168283909
4 2 3 4 2 1 3 2 13 4 1 3 4 2 1 3 2 1 0 1 0 0 0 0 0 0 1 0.0246087509577121
4 2 3 4 2 1 3 2 13 4 2 3 5 2 1 3 2 5 0 0 0 1 0 0 0 0 1 0.0200542056042162
4 2 3 4 2 1 4 2 1 4 2 3 5 1 2 3 2 1 0 0 0 1 1 1 1 0 4 7.25444842630319e-05
4 2 3 4 2 2 3 2 1 4 2 3 4 2 2 4 2 1 0 0 0 0 0 0 1 0 1 0.0333217694120535
4 2 3 4 2 2 4 2 1 4 2 3 4 2 1 4 2 1 0 0 0 0 0 1 0 0 1 0.0275012343766564
4 3 6 4 3 2 4 2 1 4 4 3 4 7 1 3 2 1 0 1 1 0 1 1 1 0 5 5.60581262299995e-07
4 3 6 4 3 2 4 2 1 8 4 6 3 3 2 5 3 1 1 1 0 1 0 0 1 1 5 1.06336018041921e-08
5 2 3 2 2 2 2 2 1 5 2 4 2 2 2 2 2 1 0 0 1 0 0 0 0 0 1 0.0200920483824372
8 4 6 3 3 2 5 3 1 8 2 6 5 3 2 5 2 1 0 1 0 1 0 0 0 1 3 5.21172671315672e-05
2 2 2 2 2 2 2 2 6 2 1 2 2 2 2 2 2 7 0 1 0 0 0 0 0 0 1 0.0312671435204717
2 2 2 2 2 2 2 2 6 2 2 1 2 2 2 2 2 1 0 0 1 0 0 0 0 0 1 0.00933336426430761
2 2 2 2 2 2 2 2 6 2 2 2 2 1 2 2 2 8 0 0 0 0 1 0 0 0 1 0.0473047714083188
2 2 2 2 2 2 2 2 6 2 2 2 2 2 1 2 2 7 0 0 0 0 0 1 0 0 1 0.0358984945169408
2 2 2 2 2 2 2 2 6 2 2 2 2 2 2 3 2 4 0 0 0 0 0 0 1 0 1 0.0200633175971698
2 2 2 2 2 2 2 2 6 2 2 2 2 2 3 2 2 1 0 0 0 0 0 1 0 0 1 0.0101252164022141
2 2 2 2 2 2 2 2 6 2 2 2 2 3 2 2 2 1 0 0 0 0 1 0 0 0 1 0.0109412396454615
2 2 2 2 2 2 2 2 6 2 2 2 3 2 2 2 2 1 0 0 0 1 0 0 0 0 1 0.0159072578647458
2 2 2 2 2 2 2 2 6 2 2 3 2 2 2 2 2 1 0 0 1 0 0 0 0 0 1 0.0246882538604266
2 2 2 2 2 2 2 2 6 3 2 2 2 2 2 2 2 14 1 0 0 0 0 0 0 0 1 0.0478286524576572
2 1 1 2 2 1 2 2 1 2 1 2 0 0 1 1 2 1 0 0 1 1 1 0 1 0 4 3.95334203946973e-07
2 1 1 2 2 1 2 2 1 2 1 2 1 1 0 2 2 1 0 0 1 1 1 1 0 0 4 2.85143750179275e-05
2 1 1 2 2 2 2 2 1 2 1 1 2 2 1 2 2 1 0 0 0 0 0 1 0 0 1 0.0094352049596291
2 1 2 0 0 1 1 2 1 2 1 3 6 2 2 3 4 1 0 0 1 1 1 1 1 1 6 7.68321427945936e-07
2 1 2 0 0 1 1 2 1 2 1 5 4 2 2 2 1 1 0 0 1 1 1 1 1 1 6 5.47635703591881e-08
2 1 2 2 1 2 2 2 3 2 0 2 2 1 2 2 2 1 0 1 0 0 0 0 0 0 1 0.0160243303190023
2 1 2 2 1 2 2 2 3 2 1 2 2 0 2 2 2 1 0 0 0 0 1 0 0 0 1 0.0187491921405611
2 1 2 2 2 1 2 2 4 2 1 2 2 1 1 2 2 1 0 0 0 0 1 0 0 0 1 0.0445354749421185
2 1 2 2 2 2 2 2 7 2 1 1 2 2 2 2 2 1 0 0 1 0 0 0 0 0 1 0.00891463009424422
2 1 2 2 2 2 2 2 7 2 1 2 2 1 2 2 2 3 0 0 0 0 1 0 0 0 1 0.0451824794206965
2 1 2 2 2 2 2 2 7 2 1 2 2 2 1 2 2 4 0 0 0 0 0 1 0 0 1 0.0342879363213756
2 1 2 2 2 2 2 2 7 2 1 2 2 2 2 3 2 1 0 0 0 0 0 0 1 0 1 0.0191631923684892
2 1 2 2 2 2 2 2 7 2 1 3 2 2 2 2 2 1 0 0 1 0 0 0 0 0 1 0.0235806344428396
2 1 2 2 2 2 2 2 7 3 1 2 2 2 2 2 2 2 1 0 0 0 0 0 0 0 1 0.0456828569518827
2 1 2 2 2 2 3 2 1 2 1 2 2 2 2 5 2 1 0 0 0 0 0 0 1 0 1 0.00176891006478362
2 1 2 2 2 2 5 2 1 2 1 2 4 3 2 2 2 1 0 0 0 1 1 0 1 0 3 1.65108997742051e-05
2 1 3 6 2 2 3 4 1 2 1 8 8 1 2 2 2 1 0 0 1 1 1 0 1 1 5 5.66895009896099e-07
2 1 3 6 2 2 3 4 1 2 4 3 4 4 2 4 4 1 0 1 0 1 1 0 1 0 4 8.78917013347621e-07
2 1 5 4 2 2 2 1 1 3 2 2 6 2 1 3 2 1 1 1 1 1 0 1 1 1 7 3.88917562945111e-08
2 1 8 8 1 2 2 2 1 2 2 2 9 2 2 2 9 1 0 1 1 1 1 0 0 1 5 2.50691652200405e-08
2 2 2 2 1 1 2 2 2 2 2 2 2 1 1 1 2 1 0 0 0 0 0 0 1 0 1 0.0245628498222931
2 2 2 2 1 2 2 2 8 2 2 2 2 1 1 2 2 2 0 0 0 0 0 1 0 0 1 0.0371565143498248
2 2 2 2 2 1 2 2 7 2 2 2 2 2 1 1 2 1 0 0 0 0 0 0 1 0 1 0.02373121766386
2 2 2 2 2 1 2 2 7 2 2 2 2 2 1 2 0 1 0 0 0 0 0 0 0 1 1 0.00141585047371404
2 2 2 2 2 1 2 2 7 2 2 2 2 2 1 3 2 1 0 0 0 0 0 0 1 0 1 0.0197760147198833
2 2 2 2 2 1 2 2 7 2 2 2 2 3 1 2 2 1 0 0 0 0 1 0 0 0 1 0.010784563182758
2 2 2 2 2 1 2 2 7 2 2 2 3 2 1 2 2 1 0 0 0 1 0 0 0 0 1 0.0156794689693079
2 2 2 2 2 1 2 2 7 3 2 2 2 2 1 2 2 4 1 0 0 0 0 0 0 0 1 0.0471437552864258
2 2 2 2 2 1 3 2 1 2 2 3 2 2 1 3 2 1 0 0 1 0 0 0 0 0 1 0.0223190014442668
2 2 2 2 2 2 3 2 4 2 2 2 2 2 2 3 3 1 0 0 0 0 0 0 0 1 1 0.0115934419311811
2 2 2 2 2 2 3 2 4 2 2 2 2 2 2 4 2 3 0 0 0 0 0 0 1 0 1 0.0382746366469085
2 2 2 2 2 2 3 2 4 2 2 2 2 4 2 3 2 1 0 0 0 0 1 0 0 0 1 0.0041320351404511
2 2 2 2 2 2 3 3 1 2 2 2 2 2 2 3 4 1 0 0 0 0 0 0 0 1 1 0.0935379973993019
2 2 2 2 2 2 3 4 1 2 2 2 2 2 2 2 4 2 0 0 0 0 0 0 1 0 1 0.0247702219128754
2 2 2 3 2 2 2 2 1 2 2 2 4 2 2 2 2 3 0 0 0 1 0 0 0 0 1 0.0731733861778305
2 2 2 3 2 2 2 2 1 3 2 2 3 2 2 2 2 1 1 0 0 0 0 0 0 0 1 0.0320651033349423
2 2 2 4 2 2 2 2 3 2 2 2 4 2 2 2 4 1 0 0 0 0 0 0 0 1 1 0.00426854178030324
2 2 2 4 2 2 2 2 3 3 2 2 4 2 2 2 2 2 1 0 0 0 0 0 0 0 1 0.0418029954551177
2 2 2 4 2 2 2 4 1 2 2 2 4 2 2 3 4 1 0 0 0 0 0 0 1 0 1 0.0158114793507384
2 2 2 4 2 2 2 4 1 2 2 2 8 2 2 2 4 1 0 0 0 1 0 0 0 0 1 0.00208628251447026
2 2 2 4 2 2 2 4 1 3 1 2 2 1 2 3 2 1 1 1 0 1 1 0 1 1 6 3.77377286059366e-07
2 2 2 4 2 2 3 4 1 3 1 3 2 2 2 4 2 1 1 1 1 1 0 0 1 1 6 3.75724496962202e-07
2 2 2 8 2 2 2 4 1 3 1 4 4 2 2 4 2 1 1 1 1 1 0 0 1 1 6 3.9224826075329e-08
2 2 2 9 2 2 2 9 1 2 2 8 5 1 1 1 4 1 0 0 1 1 1 1 1 1 6 3.8226366206028e-08
2 2 3 2 2 1 3 2 1 3 2 1 2 2 2 3 2 1 1 0 1 0 0 1 0 0 3 2.42733545142909e-05
2 2 8 5 1 1 1 4 1 3 2 6 6 2 1 4 4 1 1 0 1 1 1 0 1 0 5 2.05915712113525e-06
2 4 3 4 4 2 4 4 1 3 2 5 8 2 2 2 4 1 1 1 1 1 1 0 1 0 6 7.2276545504592e-09
3 1 2 2 1 2 3 2 1 3 2 2 3 1 2 3 2 1 0 1 0 1 0 0 0 0 2 0.00196155457854369
3 1 3 2 2 2 4 2 1 3 2 3 2 1 1 2 4 1 0 1 0 0 1 1 1 1 5 1.02932504305447e-06
3 1 4 4 2 2 4 2 1 6 2 2 6 2 2 2 2 1 1 1 1 1 0 0 1 0 5 1.58140827716256e-08
3 2 1 2 2 2 3 2 1 3 2 2 2 1 2 2 1 1 0 0 1 0 1 0 1 1 4 0.00010187548985405
3 2 2 2 2 1 2 2 4 3 2 3 2 2 1 2 2 1 0 0 1 0 0 0 0 0 1 0.019686517304273
3 2 2 2 2 2 2 2 14 4 2 2 2 2 2 2 2 7 1 0 0 0 0 0 0 0 1 0.105287234940346
3 2 2 3 2 2 2 2 1 4 2 2 3 2 2 2 2 1 1 0 0 0 0 0 0 0 1 0.070586267744034
3 2 2 4 2 2 2 2 2 3 2 2 4 2 2 2 3 1 0 0 0 0 0 0 0 1 1 0.00893770017184444
3 2 2 4 2 2 2 2 2 3 2 2 4 2 2 3 2 1 0 0 0 0 0 0 1 0 1 0.0141861483001487
3 2 2 4 2 2 2 2 2 3 2 3 2 1 2 2 2 1 0 0 1 1 1 0 0 0 3 0.000239734011332618
3 2 2 4 2 2 2 2 2 4 2 2 4 2 2 2 2 1 1 0 0 0 0 0 0 0 1 0.0920227014045544
3 2 2 4 2 2 3 2 1 3 2 3 2 3 2 3 2 1 0 0 1 1 1 0 0 0 3 5.08556947544412e-05
3 2 3 2 1 1 2 4 1 3 2 3 4 3 2 1 2 1 0 0 0 1 1 1 1 1 5 5.15244306203827e-08
3 2 5 8 2 2 2 4 1 4 4 4 4 3 2 4 4 1 1 1 1 1 1 0 1 0 6 3.36281001520558e-08
3 2 6 6 2 1 4 4 1 4 2 6 8 2 2 3 4 1 1 0 0 1 0 1 1 0 4 0.000454836201690598
3 2 6 6 2 1 4 4 1 4 3 2 6 3 4 4 4 1 1 1 1 0 1 1 0 0 5 1.7426241879014e-08
4 1 3 2 2 2 2 2 1 4 1 3 2 2 2 3 2 1 0 0 0 0 0 0 1 0 1 0.0190882264991601
4 1 3 2 2 2 3 2 1 4 2 4 2 2 1 2 2 1 0 1 1 0 0 1 1 0 4 8.86001404436514e-05
4 1 9 8 2 2 4 4 1 4 1 9 8 4 2 3 4 1 0 0 0 0 1 0 1 0 2 0.000343868542253207
4 2 2 2 1 2 2 2 2 4 2 2 1 1 2 2 2 1 0 0 0 1 0 0 0 0 1 0.0102858180215501
4 2 2 2 1 2 2 2 2 4 2 2 2 1 1 2 2 1 0 0 0 0 0 1 0 0 1 0.0386873070758476
4 2 2 2 2 2 2 2 7 4 2 2 2 1 2 2 2 2 0 0 0 0 1 0 0 0 1 0.0492536571217701
4 2 2 2 2 2 2 2 7 4 2 2 2 2 2 2 3 1 0 0 0 0 0 0 0 1 1 0.013161263024155
4 2 2 2 2 2 2 2 7 4 2 2 2 2 2 3 2 1 0 0 0 0 0 0 1 0 1 0.0208898962247685
4 2 2 2 2 2 2 2 7 4 2 2 2 3 2 2 2 2 0 0 0 0 1 0 0 0 1 0.0113920023274842
4 2 2 2 2 2 2 2 7 4 2 3 2 2 2 2 2 2 0 0 1 0 0 0 0 0 1 0.025705372933328
4 2 2 2 2 2 3 2 1 4 2 2 2 1 2 3 2 1 0 0 0 0 1 0 0 0 1 0.0451738223781901
4 2 2 2 3 2 2 2 2 6 2 2 2 3 2 2 2 1 1 0 0 0 0 0 0 0 1 0.00374751719956175
4 2 2 3 2 2 2 2 1 4 2 2 3 2 1 2 2 1 0 0 0 0 0 1 0 0 1 0.0250584537586856
4 2 3 2 2 2 2 2 2 4 1 3 2 2 2 2 2 1 0 1 0 0 0 0 0 0 1 0.0311448273348186
4 2 6 8 2 2 3 4 1 4 2 9 4 2 1 3 6 1 0 0 1 1 0 1 0 1 4 3.69608861414769e-06
4 2 6 8 2 2 3 4 1 4 2 9 8 2 2 3 4 1 0 0 1 0 0 0 0 0 1 0.0082672337172304
4 2 9 8 1 2 4 4 2 4 2 9 6 1 2 4 4 1 0 0 0 1 0 0 0 0 1 0.00973962208525552
4 2 9 8 2 1 3 4 2 4 2 9 8 2 1 4 4 1 0 0 0 0 0 0 1 0 1 0.0267162771531614
4 2 9 8 2 1 4 4 1 4 2 8 8 2 1 4 4 1 0 0 1 0 0 0 0 0 1 0.00399596966291519
4 2 9 8 2 2 3 4 1 4 2 9 8 2 1 3 4 2 0 0 0 0 0 1 0 0 1 0.023315966786757
4 2 9 8 2 2 3 4 1 4 2 9 8 2 2 2 4 1 0 0 0 0 0 0 1 0 1 0.0194539696031895
4 2 9 8 2 2 3 4 1 4 2 9 9 2 2 3 4 1 0 0 0 1 0 0 0 0 1 0.0196156523182794
4 2 9 8 2 2 4 4 15 4 1 9 8 2 2 4 4 1 0 1 0 0 0 0 0 0 1 0.0194839055366755
4 2 9 8 2 2 4 4 15 4 2 9 4 2 2 4 4 1 0 0 0 1 0 0 0 0 1 0.0376394585060177
4 2 9 8 2 2 4 4 15 4 2 9 8 1 2 4 4 2 0 0 0 0 1 0 0 0 1 0.0294776431032228
4 2 9 8 2 2 4 4 15 4 2 9 8 2 2 4 3 1 0 0 0 0 0 0 0 1 1 0.0150890625378289
4 2 9 8 2 2 5 4 3 4 2 9 8 2 4 5 4 1 0 0 0 0 0 1 0 0 1 0.00130915600866708
4 2 9 8 2 2 5 4 3 4 2 9 8 3 2 5 4 1 0 0 0 0 1 0 0 0 1 0.00666913516877213
4 2 9 8 2 4 5 4 1 2 1 9 10 3 4 6 5 1 1 1 0 1 1 0 1 1 6 1.48683310225632e-09
4 2 9 8 2 4 5 4 1 6 2 10 8 2 1 4 4 1 1 0 1 0 0 1 1 0 4 1.29611789133362e-06
4 2 9 8 3 2 4 4 1 4 2 9 8 3 3 4 3 1 0 0 0 0 0 1 0 1 2 0.000433564739583921
4 2 9 8 3 2 4 4 1 4 2 9 8 4 2 4 4 1 0 0 0 0 1 0 0 0 1 0.0376992986626251
4 2 9 8 3 2 5 4 1 4 2 9 8 3 2 4 4 1 0 0 0 0 0 0 1 0 1 0.0173846719406827
4 2 9 9 2 2 3 4 1 4 2 9 9 2 2 4 4 3 0 0 0 0 0 0 1 0 1 0.00718481902163098
4 2 9 9 2 2 3 4 1 5 2 7 10 2 2 3 4 1 1 0 1 1 0 0 0 0 3 3.71544565318286e-05
4 2 9 9 2 2 4 4 3 4 2 9 8 2 2 4 4 15 0 0 0 1 0 0 0 0 1 0.190740499185901
4 2 9 9 2 2 4 4 3 4 2 9 9 2 2 5 4 1 0 0 0 0 0 0 1 0 1 0.00341858324416313
4 2 9 9 2 2 5 4 1 4 2 9 8 2 2 5 4 3 0 0 0 1 0 0 0 0 1 0.18657699579303
2 2 2 2 2 2 2 2 10 1 2 2 2 2 2 2 2 1 1 0 0 0 0 0 0 0 1 0.0105929230275348
2 2 2 2 2 2 2 2 10 2 1 2 2 2 2 2 2 5 0 1 0 0 0 0 0 0 1 0.0312671435204717
2 2 2 2 2 2 2 2 10 2 2 2 1 2 2 2 2 2 0 0 0 1 0 0 0 0 1 0.00954435471884746
2 2 2 2 2 2 2 2 10 2 2 2 2 1 2 2 2 3 0 0 0 0 1 0 0 0 1 0.0473047714083188
2 2 2 2 2 2 2 2 10 2 2 2 2 2 1 2 2 3 0 0 0 0 0 1 0 0 1 0.0358984945169408
2 2 2 2 2 2 2 2 10 2 2 2 2 2 2 1 2 2 0 0 0 0 0 0 1 0 1 0.0240759811166037
2 2 2 2 2 2 2 2 10 2 2 2 2 2 2 2 1 2 0 0 0 0 0 0 0 1 1 0.0103422220559334
2 2 2 2 2 2 2 2 10 2 2 2 2 2 2 2 3 3 0 0 0 0 0 0 0 1 1 0.0126404936239186
2 2 2 2 2 2 2 2 10 2 2 2 2 2 2 3 2 1 0 0 0 0 0 0 1 0 1 0.0200633175971698
2 2 2 2 2 2 2 2 10 2 2 2 2 3 2 2 2 1 0 0 0 0 1 0 0 0 1 0.0109412396454615
2 2 2 2 2 2 2 2 10 2 3 2 2 2 2 2 2 1 0 1 0 0 0 0 0 0 1 0.00880337050576388
2 2 2 2 2 2 2 2 10 3 2 2 2 2 2 2 2 3 1 0 0 0 0 0 0 0 1 0.0478286524576572
1 2 2 2 2 2 2 2 1 2 0 2 2 0 0 2 2 1 1 1 0 0 1 1 0 0 4 5.76882126398032e-08
2 1 2 2 1 2 2 2 1 2 1 2 2 3 2 2 3 1 0 0 0 0 1 0 0 1 2 0.000151106228443024
2 1 2 2 2 2 2 2 5 2 1 2 1 2 2 2 2 1 0 0 0 1 0 0 0 0 1 0.00911615462520377
2 1 2 2 2 2 2 2 5 2 1 2 2 1 2 2 2 1 0 0 0 0 1 0 0 0 1 0.0451824794206965
2 2 2 2 0 2 2 2 2 2 2 2 0 0 2 2 2 1 0 0 0 1 0 0 0 0 1 0.000524872543039739
2 2 2 2 1 2 2 2 3 2 2 2 2 0 2 2 2 2 0 0 0 0 1 0 0 0 1 0.0196298711286221
2 2 2 2 1 2 2 2 3 2 2 4 2 1 2 2 2 1 0 0 1 0 0 0 0 0 1 0.00810230523683404
2 2 2 2 2 1 1 2 1 2 2 2 2 2 1 0 2 1 0 0 0 0 0 0 1 0 1 0.00760615950764744
2 2 2 2 2 1 2 2 3 2 2 2 2 2 1 1 2 1 0 0 0 0 0 0 1 0 1 0.02373121766386
2 2 2 2 2 2 2 1 2 2 3 2 2 2 2 2 1 1 0 1 0 0 0 0 0 0 1 0.00431807782349759
2 2 2 2 2 2 2 3 3 2 2 2 2 2 2 2 4 1 0 0 0 0 0 0 0 1 1 0.101985800829344
2 2 2 2 2 2 2 3 3 2 2 2 2 2 2 3 3 1 0 0 0 0 0 0 1 0 1 0.00937035391689047
2 2 2 2 3 2 2 2 1 2 3 2 2 3 2 2 2 1 0 1 0 0 0 0 0 0 1 0.00642348561309179
2 3 2 2 2 2 2 2 1 2 4 2 2 2 2 2 2 1 0 1 0 0 0 0 0 0 1 0.0282314985184842
2 4 2 2 2 2 2 2 1 2 4 2 2 4 2 2 2 1 0 0 0 0 1 0 0 0 1 0.00228186281375935
2 4 2 2 4 2 2 2 1 2 6 2 2 4 2 2 2 1 0 1 0 0 0 0 0 0 1 0.0336303114694533
2 6 2 2 4 2 2 2 1 3 0 3 2 4 3 3 3 1 1 1 1 0 0 1 1 1 6 1.5863993105961e-07
2 6 2 2 4 2 2 2 1 3 1 2 2 2 3 3 4 1 1 1 0 0 1 1 1 1 6 1.47468126938633e-07
3 1 2 2 2 3 3 4 1 3 1 3 2 2 2 3 5 1 0 0 1 0 0 1 0 1 3 0.000193529877674758
3 1 2 2 2 3 3 4 1 3 2 3 2 2 3 3 4 2 0 1 1 0 0 0 0 0 2 0.00199380990716374
3 2 2 2 2 2 2 2 3 3 2 3 2 2 2 2 2 1 0 0 1 0 0 0 0 0 1 0.0199725199769743
3 2 3 2 2 2 2 2 1 3 2 3 2 2 2 2 3 1 0 0 0 0 0 0 0 1 1 0.00978296972519788
3 2 3 2 2 2 2 3 1 3 2 3 2 2 2 2 4 1 0 0 0 0 0 0 0 1 1 0.0789307784646647
3 2 3 2 2 2 2 4 1 3 2 3 2 4 2 2 4 1 0 0 0 0 1 0 0 0 1 0.00314392968356143
3 2 3 2 2 2 2 4 1 4 2 3 2 2 2 2 4 1 1 0 0 0 0 0 0 0 1 0.0908218628781207
3 2 3 2 2 3 3 2 1 3 2 2 2 2 3 3 2 1 0 0 1 0 0 0 0 0 1 0.00621391951623316
3 2 3 2 2 3 3 4 2 3 2 3 2 2 3 3 2 1 0 0 0 0 0 0 0 1 1 0.0095050544821161
3 2 3 2 2 3 3 4 2 3 2 3 2 2 3 3 5 1 0 0 0 0 0 0 0 1 1 0.00521244923212818
3 2 3 2 2 3 3 4 2 3 2 3 2 3 3 3 3 1 0 0 0 0 1 0 0 1 2 0.00049580243008979
3 2 3 2 2 3 3 4 2 4 2 3 2 2 3 3 4 3 1 0 0 0 0 0 0 0 1 0.0626232054260803
3 2 3 2 4 2 2 4 1 3 3 3 2 4 2 2 4 1 0 1 0 0 0 0 0 0 1 0.00475937609627351
3 2 3 2 4 3 3 4 1 4 2 2 2 4 3 3 4 1 1 0 1 0 0 0 0 0 2 0.00219714556579065
3 3 3 2 3 3 4 4 1 3 3 3 2 5 3 4 4 1 0 0 0 0 1 0 0 0 1 0.00285455147865418
3 3 3 2 4 3 3 4 1 3 2 3 2 4 3 3 4 1 0 1 0 0 0 0 0 0 1 0.0134661632943694
3 3 3 2 4 3 3 4 1 3 4 3 3 3 3 3 3 1 0 1 0 1 1 0 0 1 4 1.17879195210017e-05
3 4 3 2 4 3 3 4 1 3 4 3 2 5 3 3 4 1 0 0 0 0 1 0 0 0 1 0.00376447827965485
3 4 3 2 4 3 3 4 1 3 6 3 2 4 3 3 4 1 0 1 0 0 0 0 0 0 1 0.0161820281604608
3 6 3 2 4 3 3 4 1 4 2 6 3 2 3 4 4 1 1 1 1 1 1 0 1 0 6 4.878986256144e-07
4 2 2 2 4 3 3 4 1 4 2 4 2 4 3 3 4 1 0 0 1 0 0 0 0 0 1 0.00392575020176371
4 2 3 2 2 2 2 4 1 4 3 3 2 2 2 2 4 1 0 1 0 0 0 0 0 0 1 0.00790673530527481
4 2 3 2 2 3 3 4 3 4 2 3 2 1 3 3 4 1 0 0 0 0 1 0 0 0 1 0.0292953071630185
4 2 3 2 2 3 3 4 3 4 2 3 2 2 3 4 4 1 0 0 0 0 0 0 1 0 1 0.0258437676076791
4 2 3 2 2 3 3 4 3 4 2 4 2 2 3 3 4 1 0 0 1 0 0 0 0 0 1 0.0229978613472528
4 2 3 2 2 3 3 4 3 4 3 3 2 2 3 3 4 1 0 1 0 0 0 0 0 0 1 0.0054518272757335
4 2 3 2 3 3 2 4 1 4 4 2 2 3 2 2 4 1 0 1 1 0 0 1 0 0 3 1.83630363077784e-05
4 2 3 2 3 3 3 4 1 4 2 3 2 3 2 3 4 1 0 0 0 0 0 1 0 0 1 0.0449985534451324
4 2 3 2 3 3 3 4 1 4 2 3 2 3 3 2 4 1 0 0 0 0 0 0 1 0 1 0.0135346155462437
4 2 6 3 2 3 4 4 1 4 4 3 4 4 3 4 4 1 0 1 1 1 1 0 0 0 4 3.46771358711455e-07
4 3 3 2 2 2 2 4 1 5 3 3 2 2 2 2 4 1 1 0 0 0 0 0 0 0 1 0.0278693948885586
4 3 3 2 2 3 3 4 1 4 3 3 2 3 3 3 4 5 0 0 0 0 1 0 0 0 1 0.00619980357842034
4 3 3 2 3 2 3 4 1 4 3 3 2 4 2 3 4 2 0 0 0 0 1 0 0 0 1 0.0455995263752873
4 3 3 2 3 3 3 4 5 4 2 3 2 3 3 3 4 1 0 1 0 0 0 0 0 0 1 0.0163234828409893
4 3 3 2 3 3 3 4 5 4 3 3 2 3 2 3 4 1 0 0 0 0 0 1 0 0 1 0.041173410767388
4 3 3 2 3 3 3 4 5 4 3 3 2 3 3 3 3 1 0 0 0 0 0 0 0 1 1 0.0100116953477895
4 3 3 2 3 3 3 4 5 4 3 3 2 3 3 4 4 1 0 0 0 0 0 0 1 0 1 0.0172542423887882
4 3 3 2 3 3 3 4 5 4 3 3 2 4 3 3 4 3 0 0 0 0 1 0 0 0 1 0.0342812668453831
4 3 3 2 3 3 4 4 1 3 3 3 2 3 3 4 4 1 1 0 0 0 0 0 0 0 1 0.00293510319586488
4 3 3 2 4 2 3 4 2 4 4 3 2 4 2 3 3 1 0 1 0 0 0 0 0 1 2 0.00169673662801472
4 3 3 2 4 2 3 4 2 5 3 3 2 4 2 3 4 1 1 0 0 0 0 0 0 0 1 0.0198024883341836
4 3 3 2 4 3 3 2 1 3 3 3 2 4 3 3 2 1 1 0 0 0 0 0 0 0 1 0.00360233712680441
4 3 3 2 4 3 3 4 3 3 3 3 2 4 3 3 4 1 1 0 0 0 0 0 0 0 1 0.00324814085064934
4 3 3 2 4 3 3 4 3 4 3 3 2 4 3 3 2 1 0 0 0 0 0 0 0 1 1 0.00867177132927385
4 3 3 2 4 3 3 4 3 4 4 3 2 4 3 3 4 4 0 1 0 0 0 0 0 0 1 0.0135447473472077
4 3 3 2 4 3 3 4 3 5 1 4 2 2 3 3 4 1 1 1 1 0 1 0 0 0 4 8.33226906981989e-06
4 4 3 2 4 3 3 4 4 3 4 3 2 4 3 3 4 1 1 0 0 0 0 0 0 0 1 0.00179800312894009
4 4 3 2 4 3 3 4 4 6 2 3 2 4 2 4 4 1 1 1 0 0 0 1 1 0 4 3.33712977835626e-05
4 4 3 4 4 3 4 4 1 4 4 4 2 4 5 7 4 1 0 0 1 1 0 1 1 0 4 1.66355221078867e-07
4 4 3 4 4 3 4 4 1 5 4 3 3 4 3 4 4 1 1 0 0 1 0 0 0 0 2 0.000560300862714007
4 4 3 4 4 3 4 4 1 5 5 4 4 5 4 4 7 1 1 1 1 0 1 1 0 1 6 2.554897137408e-09
5 4 3 3 4 3 4 4 1 6 2 4 3 3 4 4 4 1 1 1 1 0 1 1 0 0 5 2.20571392928384e-05
5 5 4 4 5 4 4 7 1 5 2 4 3 2 4 4 8 1 0 1 0 1 1 0 0 1 4 0.005967023133141
