1 1 4 2 0 1 1 2 1 1 2 1 2 2 1 2 2 1 [0 1 1 0 1 0 1 0] 4
1 2 1 2 2 1 2 2 1 1 2 2 2 2 2 2 2 1 [0 0 1 0 0 1 0 0] 2
1 2 2 2 2 2 2 2 1 1 2 10  
2 1 3  1 [0 0 1 1 1 1 1 1] 6
1 2 2 2 2 2 2 2 1 2 0 11  
0 1 2  1 [1 1 1 1 1 1 1 1] 8
1 2 2 2 2 2 2 2 1 2 2 2 2 2 2 2 2 18 [1 0 0 0 0 0 0 0] 1
1 2 10  
2 1 3  1 2 2 10  
1 2 4  1 [1 0 0 0 1 1 1 0] 4
1 2 10  
2 1 3  1 3 2 10  
2 1 3  1 [1 0 0 0 0 0 0 0] 1
1 2 10  
2 1 3  1 4 2 8 2 2 1 4 4 1 [1 0 1 1 1 1 1 1] 7
2 0 11  
0 1 2  1 2 1 10  
2 0 4  1 [0 1 1 0 1 1 1 0] 5
2 0 11  
0 1 2  1 2 2 2 2 2 4 4 2 1 [0 1 1 1 1 1 1 1] 7
2 1 2 2 2 1 2 2 1 2 1 2 2 2 1 0 2 1 [0 0 0 0 0 0 1 0] 1
2 1 2 2 2 1 2 2 1 2 2 2 2 2 1 1 2 1 [0 1 0 0 0 0 1 0] 2
2 1 2 2 2 2 2 1 1 2 1 2 2 2 2 2 2 1 [0 0 0 0 0 0 0 1] 1
2 1 2 2 2 2 2 1 1 2 2 1 2 2 2 1 2 1 [0 1 1 0 0 0 1 1] 4
2 1 2 2 2 2 2 2 1 2 1 2 2 2 1 2 2 1 [0 0 0 0 0 1 0 0] 1
2 1 10  
2 0 4  1 2 1 10  
0 0 3  1 [0 0 0 0 1 0 1 0] 2
2 2 1 2 2 2 1 2 1 2 2 2 1 2 2 1 2 1 [0 0 1 1 0 0 0 0] 2
2 2 2 2 2 2 2 1 1 2 1 2 2 2 2 2 1 1 [0 1 0 0 0 0 0 0] 1
2 2 2 2 2 2 2 2 18 2 2 2 2 1 2 2 2 3 [0 0 0 0 1 0 0 0] 1
2 2 2 2 2 2 2 2 18 2 2 2 2 2 2 2 1 1 [0 0 0 0 0 0 0 1] 1
2 2 2 2 2 2 2 2 18 2 2 2 2 4 2 2 2 1 [0 0 0 0 1 0 0 0] 1
2 2 2 2 4 2 2 2 1 2 2 2 3 2 2 2 3 1 [0 0 0 1 1 0 0 1] 3
2 2 2 2 4 2 2 2 1 2 4 2 2 4 2 2 2 1 [0 1 0 0 0 0 0 0] 1
2 2 2 3 2 2 2 3 1 2 2 10  
0 1 3  1 [0 0 1 1 1 1 1 1] 6
3 2 10  
2 1 5  1 4 2 10  
2 1 5  1 [1 0 0 0 0 0 0 0] 1
3 2 10  
2 1 3  1 4 0 10  
2 0 4  1 [1 1 0 0 0 1 1 0] 4
3 2 10  
2 1 3  1 4 2 10  
2 1 3  2 [1 0 0 0 0 0 0 0] 1
3 2 10  
2 1 5  2 3 2 10  
2 1 5  1 [0 0 0 0 0 0 0 0] 0
4 1 10  
2 1 5  1 4 2 9 4 1 3 4 4 1 [0 1 1 1 1 1 1 1] 7
4 2 6 4 1 2 2 4 1 4 2 7 2 2 1 5 2 1 [0 0 1 1 1 1 1 1] 6
4 2 9 4 1 3 4 4 1 4 2 10  
2 2 5  1 [0 0 1 1 1 1 1 1] 6
4 2 10  
1 1 5  1 4 2 10  
1 2 4  1 [0 0 0 0 0 1 1 0] 2
4 2 10  
1 2 4  1 5 2 10  
1 2 4  1 [1 0 0 0 0 0 0 0] 1
4 2 10  
2 1 3  1 4 2 10  
2 1 4  3 [0 0 0 0 0 0 1 0] 1
4 2 10  
2 1 3  1 5 2 10  
1 2 2  1 [1 0 0 0 1 1 1 0] 4
4 2 10  
2 1 3  2 4 2 10  
2 1 3  1 [0 0 0 0 0 0 0 0] 0
4 2 10  
2 1 3  2 4 2 10  
2 1 2  1 [0 0 0 0 0 0 1 0] 1
4 2 10  
2 1 3  2 4 2 10  
2 2 3  1 [0 0 0 0 0 1 0 0] 1
4 2 10  
2 1 4  3 4 2 10  
2 1 4  6 [0 0 0 0 0 0 0 0] 0
4 2 10  
2 1 4  3 4 2 10  
2 1 5  1 [0 0 0 0 0 0 1 0] 1
4 2 10  
2 1 4  6 4 2 10  
2 0 4  1 [0 0 0 0 0 1 0 0] 1
4 2 10  
2 1 5  1 4 2 10  
2 1 5  12 [0 0 0 0 0 0 0 0] 0
4 2 10  
2 1 5  1 4 2 10  
3 1 5  1 [0 0 0 0 1 0 0 0] 1
4 2 10  
2 1 5  12 3 2 10  
2 1 5  2 [1 0 0 0 0 0 0 0] 1
4 2 10  
2 1 5  12 4 1 10  
2 1 5  1 [0 1 0 0 0 0 0 0] 1
4 2 10  
2 1 5  12 4 2 10  
1 1 5  1 [0 0 0 0 1 0 0 0] 1
4 2 10  
2 1 5  12 4 3 10  
2 1 5  1 [0 1 0 0 0 0 0 0] 1
4 2 10  
2 2 3  1 4 2 10  
2 1 3  1 [0 0 0 0 0 1 0 0] 1
4 2 10  
2 2 3  1 5 1 10  
2 1 3  1 [1 1 0 0 0 1 0 0] 3
4 2 10  
2 2 3  1 4 2 10  
2 2 3  1 [0 0 0 0 0 0 0 0] 0
4 2 10  
2 2 3  1 5 2 10  
2 2 4  1 [1 0 0 0 0 0 1 0] 2
4 2 10  
3 1 5  1 4 2 10  
4 1 5  2 [0 0 0 0 1 0 0 0] 1
4 2 10  
4 1 5  2 5 3 10  
4 1 5  1 [1 1 0 0 0 0 0 0] 2
5 2 10  
1 2 4  1 5 2 10  
2 2 4  1 [0 0 0 0 1 0 0 0] 1
5 2 10  
2 2 4  1 3 2 10  
2 2 4  1 [1 0 0 0 0 0 0 0] 1
5 2 10  
2 2 4  1 5 3 10  
2 2 8  1 [0 1 0 0 0 0 1 0] 2
5 2 10  
2 2 4  1 6 2 10  
2 2 4  1 [1 0 0 0 0 0 0 0] 1
5 3 10  
2 2 8  1 4 2 6 4 1 2 2 4 1 [1 1 1 1 1 1 1 1] 8
