"0" "1" "2" "3" "4" "5" "6" "7" "8" "9" "10" "11" "12" "13" "14" "15" "16" "total"
"0" 0 0 0 0 0 0 0 0 0 0 0 0 0 0 0 0 0 0
"1" 0.059 0.471 0.353 0.118 0 0 0 0 0 0 0 0 0 0 0 0 0 17
"2" 0.002 0.053 0.883 0.053 0.009 0 0 0 0 0 0 0 0 0 0 0 0 640
"3" 0.019 0.019 0.094 0.698 0.17 0 0 0 0 0 0 0 0 0 0 0 0 53
"4" 0.008 0.008 0.023 0.114 0.765 0.076 0.008 0 0 0 0 0 0 0 0 0 0 132
"5" 0 0 0 0.333 0.333 0.333 0 0 0 0 0 0 0 0 0 0 0 3
"6" 0 0 0 0 0 0 0 0 0 0 0 0 0 0 0 0 0 0
"7" 0 0 0 0 0 0 0 0 0 0 0 0 0 0 0 0 0 0
"8" 0 0 0 0 0 0 0 0 0 0 0 0 0 0 0 0 0 0
"9" 0 0 0 0 0 0 0 0 0 0 0 0 0 0 0 0 0 0
"10" 0 0 0 0 0 0 0 0 0 0 0 0 0 0 0 0 0 0
"11" 0 0 0 0 0 0 0 0 0 0 0 0 0 0 0 0 0 0
"12" 0 0 0 0 0 0 0 0 0 0 0 0 0 0 0 0 0 0
"13" 0 0 0 0 0 0 0 0 0 0 0 0 0 0 0 0 0 0
"14" 0 0 0 0 0 0 0 0 0 0 0 0 0 0 0 0 0 0
"15" 0 0 0 0 0 0 0 0 0 0 0 0 0 0 0 0 0 0
"16" 0 0 0 0 0 0 0 0 0 0 0 0 0 0 0 0 0 0
"total" 4 44 579 89 117 11 1 0 0 0 0 0 0 0 0 0 0 0
