"0" "1" "2" "3" "4" "5" "6" "7" "8" "9" "10" "11" "12" "13" "14" "15" "16" "total"
"0" 0 0.667 0.333 0 0 0 0 0 0 0 0 0 0 0 0 0 0 3
"1" 0.014 0.843 0.071 0.071 0 0 0 0 0 0 0 0 0 0 0 0 0 70
"2" 0.003 0.083 0.838 0.066 0.009 0 0.002 0 0 0 0 0 0 0 0 0 0 654
"3" 0.02 0.039 0.216 0.529 0.176 0.02 0 0 0 0 0 0 0 0 0 0 0 51
"4" 0 0.056 0.056 0.111 0.685 0.056 0.019 0.019 0 0 0 0 0 0 0 0 0 54
"5" 0 0.1 0.3 0 0.2 0.1 0.3 0 0 0 0 0 0 0 0 0 0 10
"6" 0 0 0 0 0.333 0.333 0 0.333 0 0 0 0 0 0 0 0 0 3
"7" 0 0 0 0 0 0 0 0 0 0 0 0 0 0 0 0 0 0
"8" 0 0 0 0 0 0 0 0 0 0 0 0 0 0 0 0 0 0
"9" 0 0 0 0 0 0 0 0 0 0 0 0 0 0 0 0 0 0
"10" 0 0 0 0 0 0 0 0 0 0 0 0 0 0 0 0 0 0
"11" 0 0 0 0 0 0 0 0 0 0 0 0 0 0 0 0 0 0
"12" 0 0 0 0 0 0 0 0 0 0 0 0 0 0 0 0 0 0
"13" 0 0 0 0 0 0 0 0 0 0 0 0 0 0 0 0 0 0
"14" 0 0 0 0 0 0 0 0 0 0 0 0 0 0 0 0 0 0
"15" 0 0 0 0 0 0 0 0 0 0 0 0 0 0 0 0 0 0
"16" 0 0 0 0 0 0 0 0 0 0 0 0 0 0 0 0 0 0
"total" 4 121 571 81 55 6 5 2 0 0 0 0 0 0 0 0 0 0
