"0" "1" "2" "3" "4" "5" "6" "7" "8" "9" "10" "11" "12" "13" "14" "15" "16" "total"
"0" 0.5 0 0.5 0 0 0 0 0 0 0 0 0 0 0 0 0 0 2
"1" 0.014 0.716 0.216 0.054 0 0 0 0 0 0 0 0 0 0 0 0 0 74
"2" 0.005 0.102 0.861 0.027 0.004 0 0 0 0 0 0 0 0 0 0 0 0 733
"3" 0 0 0.227 0.5 0.273 0 0 0 0 0 0 0 0 0 0 0 0 22
"4" 0 0 0.214 0.143 0.643 0 0 0 0 0 0 0 0 0 0 0 0 14
"5" 0 0 0 0 0 0 0 0 0 0 0 0 0 0 0 0 0 0
"6" 0 0 0 0 0 0 0 0 0 0 0 0 0 0 0 0 0 0
"7" 0 0 0 0 0 0 0 0 0 0 0 0 0 0 0 0 0 0
"8" 0 0 0 0 0 0 0 0 0 0 0 0 0 0 0 0 0 0
"9" 0 0 0 0 0 0 0 0 0 0 0 0 0 0 0 0 0 0
"10" 0 0 0 0 0 0 0 0 0 0 0 0 0 0 0 0 0 0
"11" 0 0 0 0 0 0 0 0 0 0 0 0 0 0 0 0 0 0
"12" 0 0 0 0 0 0 0 0 0 0 0 0 0 0 0 0 0 0
"13" 0 0 0 0 0 0 0 0 0 0 0 0 0 0 0 0 0 0
"14" 0 0 0 0 0 0 0 0 0 0 0 0 0 0 0 0 0 0
"15" 0 0 0 0 0 0 0 0 0 0 0 0 0 0 0 0 0 0
"16" 0 0 0 0 0 0 0 0 0 0 0 0 0 0 0 0 0 0
"total" 6 128 656 37 18 0 0 0 0 0 0 0 0 0 0 0 0 0
