2 1 2 0 1 1 1 2 1 2 1 2 1 1 1 1 2 12 [0 0 0 1 0 0 0 0] 1
2 1 2 1 1 1 1 2 12 2 1 2 1 1 1 1 4 3 [0 0 0 0 0 0 0 1] 1
2 1 2 1 1 1 1 4 3 2 1 2 1 1 2 2 0 4 [0 0 0 0 0 1 1 1] 3
2 1 2 1 1 2 2 0 4 2 1 2 2 1 2 2 0 1 [0 0 0 1 0 0 0 0] 1
2 1 2 2 1 2 2 0 1 2 1 2 2 1 2 2 1 13 [0 0 0 0 0 0 0 1] 1
2 1 2 2 1 2 2 1 13 2 2 2 2 1 2 2 2 47 [0 1 0 0 0 0 0 1] 2
2 2 2 2 1 2 2 2 47 3 2 2 2 1 2 2 2 47 [1 0 0 0 0 0 0 0] 1
3 2 2 2 1 2 2 2 47 3 2 2 2 2 2 2 2 9 [0 0 0 0 1 0 0 0] 1
3 2 2 2 2 2 2 2 9 3 2 2 2 2 2 2 3 3 [0 0 0 0 0 0 0 1] 1
3 2 2 2 2 2 2 3 3 4 2 2 2 2 2 2 3 34 [1 0 0 0 0 0 0 0] 1
4 2 2 2 2 2 2 3 34 4 2 2 2 2 2 2 4 14 [0 0 0 0 0 0 0 1] 1
4 2 2 2 2 2 2 4 14 4 2 3 2 2 2 2 4 8 [0 0 1 0 0 0 0 0] 1
4 2 3 2 2 2 2 4 8 4 2 3 3 2 2 3 2 4 [0 0 0 1 0 0 1 1] 3
4 2 3 3 2 2 3 2 4 4 2 3 3 2 2 3 1 1 [0 0 0 0 0 0 0 1] 1
4 2 3 3 2 2 3 2 4 4 2 3 3 2 2 3 3 1 [0 0 0 0 0 0 0 1] 1
4 2 3 3 2 2 3 3 1 4 2 3 3 2 2 3 4 1 [0 0 0 0 0 0 0 1] 1
4 2 3 3 2 2 3 4 1 5 2 3 3 2 2 3 4 1 [1 0 0 0 0 0 0 0] 1
5 2 3 3 2 2 3 4 1 5 2 4 3 2 3 4 1 1 [0 0 1 0 0 1 1 1] 4
5 2 4 3 2 3 4 1 1 6 2 4 3 2 3 4 1 1 [1 0 0 0 0 0 0 0] 1
6 2 4 3 2 3 4 1 1 6 3 4 3 2 3 4 2 4 [0 1 0 0 0 0 0 1] 2
6 3 4 3 2 3 4 2 4 6 3 4 4 2 3 4 2 3 [0 0 0 1 0 0 0 0] 1
6 3 4 4 2 3 4 2 3 7 3 4 4 2 4 4 2 2 [1 0 0 0 0 1 0 0] 2
7 3 4 4 2 4 4 2 2 8 3 4 4 2 4 4 4 1 [1 0 0 0 0 0 0 1] 2
8 3 4 4 2 4 4 4 1 8 4 4 4 2 4 4 4 2 [0 1 0 0 0 0 0 0] 1
8 4 4 4 2 4 4 4 2 8 4 5 4 4 4 4 4 1 [0 0 1 0 1 0 0 0] 2
8 4 5 4 4 4 4 4 1 8 4 7 5 5 4 4 6 1 [0 0 1 1 1 0 0 1] 4
