2 2 2 2 2 2 2 2 16 1 2 2 2 2 2 2 2 1 [1 0 0 0 0 0 0 0] 1
2 2 2 2 2 2 2 2 16 2 1 2 2 2 2 2 2 2 [0 1 0 0 0 0 0 0] 1
2 2 2 2 2 2 2 2 16 2 2 2 1 2 2 2 2 3 [0 0 0 1 0 0 0 0] 1
2 2 2 2 2 2 2 2 16 2 2 2 2 2 2 1 2 4 [0 0 0 0 0 0 1 0] 1
2 2 2 2 2 2 2 2 16 2 2 2 2 2 2 2 1 1 [0 0 0 0 0 0 0 1] 1
2 2 2 2 2 2 2 2 16 2 2 2 2 2 2 2 4 1 [0 0 0 0 0 0 0 1] 1
2 2 2 2 2 2 2 2 16 2 2 2 2 2 3 2 2 1 [0 0 0 0 0 1 0 0] 1
2 2 2 2 2 2 2 2 16 2 2 2 3 2 2 2 2 2 [0 0 0 1 0 0 0 0] 1
1 2 2 2 2 2 2 2 1 1 3 2 4 4 3 4 4 1 [0 1 0 1 1 1 1 1] 6
1 3 2 4 4 3 4 4 1 2 4 1 5 5 4 3 7 1 [1 1 1 1 1 1 1 1] 8
1 3 2 4 4 3 4 4 1 3 2 11  
2 2 3  1 [1 1 1 1 1 1 1 1] 8
2 1 2 2 2 2 2 2 2 2 1 2 2 2 4 4 2 1 [0 0 0 0 0 1 1 0] 2
2 1 2 2 2 2 2 2 2 2 2 1 2 1 2 2 2 1 [0 1 1 0 1 0 0 0] 3
2 1 2 2 2 4 4 2 1 2 2 2 2 2 4 5 2 1 [0 1 0 0 0 0 1 0] 2
2 2 1 2 1 2 2 2 1 2 2 1 2 2 2 2 3 1 [0 0 0 0 1 0 0 1] 2
2 2 2 1 2 2 2 0 1 2 2 2 2 4 2 3 3 1 [0 0 0 1 1 0 1 1] 4
2 2 2 1 2 2 2 2 3 2 2 2 1 2 2 2 0 1 [0 0 0 0 0 0 0 1] 1
2 2 2 2 2 1 1 2 1 2 2 2 2 2 1 3 2 1 [0 0 0 0 0 0 1 0] 1
2 2 2 2 2 2 1 2 4 2 2 2 2 1 2 1 2 1 [0 0 0 0 1 0 0 0] 1
2 2 2 2 2 2 1 2 4 2 2 2 2 2 1 1 2 1 [0 0 0 0 0 1 0 0] 1
2 2 2 2 2 2 2 4 1 2 2 2 3 2 2 2 4 1 [0 0 0 1 0 0 0 0] 1
2 2 2 2 2 3 2 2 1 2 2 2 2 2 3 3 2 1 [0 0 0 0 0 0 1 0] 1
2 2 2 2 2 3 2 2 1 2 2 2 2 2 4 2 2 1 [0 0 0 0 0 1 0 0] 1
2 2 2 2 2 4 5 2 1 2 3 2 4 4 2 2 5 1 [0 1 0 1 1 1 1 1] 6
2 2 2 2 4 2 3 3 1 4 2 2 3 2 2 2 3 1 [1 0 0 1 1 0 1 0] 4
2 2 2 3 2 2 2 4 1 2 3 2 2 4 2 2 2 1 [0 1 0 1 1 0 0 1] 4
2 4 1 5 5 4 3 7 1 3 1 17  
1 2 2  1 [1 1 1 1 1 1 1 1] 8
2 4 1 5 5 4 3 7 1 3 2 19  
2 2 2  1 [1 1 1 1 1 1 1 1] 8
2 4 1 5 5 4 3 7 1 4 3 7 4 4 3 3 5 1 [1 1 1 1 1 1 0 1] 7
3 1 17  
1 2 2  1 5 2 17  
1 3 3  1 [1 1 0 0 0 1 1 0] 4
3 1 17  
1 2 2  1 7 1 8 4 3 4 3 5 1 [1 0 1 1 1 1 1 1] 7
3 2 11  
2 2 3  1 7 2 10  
2 2 2  1 [1 0 1 0 0 0 1 0] 3
3 2 19  
2 2 2  1 5 2 11  
2 0 2  1 [1 0 1 0 0 1 0 0] 3
5 2 11  
2 0 2  1 5 3 8 4 4 3 4 4 1 [0 1 1 1 1 1 1 1] 7
5 2 11  
2 0 2  1 7 2 15  
2 2 2  1 [1 0 1 0 0 1 0 0] 3
5 2 17  
1 3 3  1 6 2 15  
4 3 4  1 [1 0 1 0 1 0 1 0] 4
6 2 15  
4 3 4  1 6 2 17  
4 3 4  1 [0 0 1 0 0 0 0 0] 1
6 2 15  
4 3 4  1 6 3 9 8 3 4 4 5 1 [0 1 1 1 1 1 1 1] 7
6 2 15  
4 3 4  1 7 2 9 7 2 4 4 6 1 [1 0 1 1 1 1 1 1] 7
6 2 15  
4 3 4  1 7 2 10  
3 4 4  1 [1 0 1 0 1 1 0 0] 4
6 2 17  
4 3 4  1 6 3 20  
3 2 2  1 [0 1 1 0 1 1 1 0] 5
6 3 9 8 3 4 4 5 1 6 3 12  
4 4 4  1 [0 0 1 1 1 1 1 1] 6
6 3 12  
4 4 4  1 6 3 13  
4 3 4  1 [0 0 1 0 0 1 0 0] 2
6 3 13  
4 3 4  1 7 2 12  
4 4 4  1 [1 1 1 0 0 1 0 0] 4
6 3 20  
3 2 2  1 6 3 25  
4 4 4  1 [0 0 1 0 1 1 1 0] 4
6 3 20  
3 2 2  1 6 4 17  
4 4 4  1 [0 1 1 0 1 1 1 0] 5
6 3 20  
3 2 2  1 7 3 13  
4 4 4  1 [1 0 1 0 1 1 1 0] 5
6 4 17  
4 4 4  1 6 4 25  
2 3 4  1 [0 0 1 0 1 1 0 0] 3
6 4 17  
4 4 4  1 7 2 16  
5 4 5  1 [1 1 1 0 1 0 1 0] 5
6 4 25  
2 3 4  1 6 5 18  
4 4 7  1 [0 1 1 0 1 1 1 0] 5
6 4 25  
2 3 4  1 7 3 23  
4 4 4  1 [1 1 1 0 1 1 0 0] 5
7 1 8 4 3 4 3 5 1 8 3 9 4 3 3 3 4 1 [1 1 1 0 0 1 0 1] 5
7 2 9 7 2 4 4 6 1 7 2 12  
2 3 4  1 [0 0 1 1 1 1 1 1] 6
7 2 10  
3 4 4  1 7 3 8 5 4 3 5 5 1 [0 1 1 1 1 1 1 1] 7
7 2 10  
3 4 4  1 8 3 8 4 3 4 4 4 1 [1 1 1 1 1 1 1 1] 8
7 2 12  
4 4 4  1 7 3 12  
4 4 4  1 [0 1 0 0 0 0 0 0] 1
7 2 15  
2 2 2  1 7 3 7 4 4 2 3 4 1 [0 1 1 1 1 1 1 1] 7
7 2 16  
5 4 5  1 7 3 18  
4 3 4  1 [0 1 1 0 1 1 1 0] 5
7 3 8 5 4 3 5 5 1 7 3 13  
4 2 2  1 [0 0 1 1 1 1 1 1] 6
7 3 11  
4 4 4  1 7 3 12  
5 2 4  1 [0 0 1 0 1 1 0 0] 3
7 3 12  
4 4 4  1 7 3 11  
4 4 4  1 [0 0 1 0 0 0 0 0] 1
7 3 12  
4 4 4  1 7 3 13  
4 4 4  1 [0 0 1 0 0 0 0 0] 1
7 3 12  
5 2 4  1 7 3 14  
4 2 3  1 [0 0 1 0 1 0 1 0] 3
7 3 13  
4 4 4  1 7 3 13  
3 3 4  1 [0 0 0 0 1 1 0 0] 2
7 3 13  
3 3 4  1 7 3 13  
4 3 3  1 [0 0 0 0 1 0 1 0] 2
7 3 13  
3 3 4  1 7 4 10  
4 3 3  1 [0 1 1 0 1 0 1 0] 4
7 3 13  
4 3 3  1 7 3 16  
4 3 4  1 [0 0 1 0 0 0 1 0] 2
7 3 13  
4 3 3  1 8 2 14  
5 2 4  1 [1 1 1 0 1 1 1 0] 6
7 3 13  
4 4 4  1 7 3 14  
5 4 4  1 [0 0 1 0 1 0 0 0] 2
7 3 13  
4 4 4  1 12 5 13 7
8 6 8 1 [1 1 1 1 0 1 1 1] 7
7 3 14  
5 4 4  1 7 3 15  
5 4 4  1 [0 0 1 0 0 0 0 0] 1
7 3 16  
4 3 4  1 8 3 13  
4 4 4  1 [1 0 1 0 0 1 0 0] 3
7 3 18  
4 3 4  1 8 3 15  
4 4 4  1 [1 0 1 0 0 1 0 0] 3
8 3 15  
4 4 4  1 8 3 16  
4 4 4  1 [0 0 1 0 0 0 0 0] 1
8 3 15  
4 4 4  1 8 3 17  
4 3 3  1 [0 0 1 0 0 1 1 0] 3
8 3 16  
4 4 4  1 8 3 17  
4 4 4  1 [0 0 1 0 0 0 0 0] 1
8 3 16  
4 4 4  1 8 4 16  
6 3 3  1 [0 1 0 0 1 1 1 0] 4
8 3 17  
4 4 4  1 8 3 20  
4 4 4  1 [0 0 1 0 0 0 0 0] 1
8 3 20  
4 4 4  1 8 3 20  
4 4 4  1 [0 0 0 0 0 0 0 0] 0
